366 269 
760 533 
1130 961 
1326 1389 
1811 1462 
2300 1926 
2708 2501 
1687 2749 
2560 2928 
3431 3474 
3759 7788 
11474 3924 
6639 5754 
14916 9930 
13766 14179 
16855 18277 
26672 23703 
29223 29196 
77918 33516 
88739 89200 
145498 150171 
199408 207868 
270473 255453 
327085 303414 
351599 391944 
353617 588779 
432274 473387 
517491 543329 
14124786 1226443 
31268932 1598988 
54531839 2376478 
66266923 2830776 
121451048 3309576 
3987229 
4465687 
11431173 
7357747 
122688008 
21171280 
22745051 
