541 444 
771 631 
1369 942 
2383 1243 
2318 1752 
3216 3975 
5379 2484 
7274 3248 
8632 3521 
4411 3952 
11677 3165 
23768 13144 
41907 7860 
66688 10619 
64195 50216 
73844 20947 
92040 23439 
105556 28715 
112848 43832 
165919 106540 
251335 177421 
324286 251289 
402659 313765 
474391 388264 
589207 467929 
636854 534436 
711581 596830 
781078 656458 
1511491 1440407 
2571479 2158572 
3298161 2901372 
5075659 3528809 
5163325 4311119 
5384568 5248314 
22553750 5810039 
7531520 6716978 
11882949 7680581 
15979942 15637223 
25189743 
33007361 
