10 247 560 828 299 289 315 419 552 451 
20 293 1118 670 530 420 435 426 745 556 
30 541 1858 1297 1137 921 835 971 1265 931 
40 833 2679 1730 1451 1205 1225 1236 2187 1168 
50 1336 6000 2558 2156 1864 1794 2680 3050 1580 
60 2615 4656 3082 2578 2276 2258 2320 4455 1985 
70 3565 9570 3638 3218 3030 2929 2899 2097 2593 
80 4271 10414 4142 3687 4582 3451 3619 2401 2879 
90 6870 7262 8545 4844 4157 4166 4287 8457 3119 
100 7770 7745 6042 8415 4659 7808 5908 4494 3047 
200 1932 6778 8260 12960 11134 13232 6758 11388 4500 
300 4309 15150 24054 21648 16594 18566 12627 24887 4697 
400 7652 18981 13072 27199 25954 34688 20342 46170 6601 
500 16030 22845 18150 11594 18598 37445 11838 69087 10419 
600 22591 28774 20363 12295 14893 11516 39423 63401 15918 
700 31646 32884 30462 21128 15707 56809 12051 70886 18021 
800 39410 50756 40072 33278 28617 17897 16929 99603 20582 
900 49383 42410 45451 23989 21516 19934 20083 99054 25219 
1000 66703 48051 45071 34257 33763 33553 26150 102266 35828 
2000 246896 112534 102846 93307 88604 78104 70601 164033 95733 
3000 541157 191991 236829 163152 153113 136706 121609 279515 161565 
4000 971373 255802 235315 213045 192016 194129 184743 315808 227741 
5000 1172524 326013 309095 277990 247274 242639 236726 405950 302105 
6000 2186313 391298 392016 356617 361748 309031 279155 476549 355866 
7000 3021416 461431 459300 418547 390085 360607 345486 548299 442839 
8000 4045586 537344 493686 476751 444862 466579 404282 661837 475362 
9000 5177182 611996 598021 514130 505800 495952 460445 705814 575466 
10000 6476358 686674 671826 607923 550939 538282 525269 818861 658941 
20000 29528081 1667380 1470539 1333146 1246213 1329478 1268942 1502090 1390218 
30000 75350179 2323303 2245203 1994470 2031670 1887828 1905369 2326119 2031837 
40000 148734724 3223797 3169528 2864485 2840558 2821633 2445863 3069568 2866986 
50000 247018078 4455197 4315723 3348433 3290671 3486743 3181815 4607514 3580829 
60000 377706531 4908694 4853865 4516479 3778461 4145411 4153757 4744300 4385215 
70000 443003204 6359398 5490865 4986187 4722779 4843106 4891874 5479251 5210246 
80000 710987886 6695173 6370737 6104440 5306916 5212086 5528315 23375915 6038121 
90000 927143471 7658763 7176398 6572583 6929806 5887262 6246291 7524709 6827902 
100000 1149481999 9087835 7759759 7401236 7829580 7411532 6798952 11281661 7609799 
200000 4658572818 19545448 17560694 16984884 15648615 15334355 14434843 16362032 16401755 
300000 12129264276 26733428 24350218 24540679 20792958 23406767 23377299 24181382 
400000 20710281998 39394181 35427382 32923872 31581357 30723372 29690592 32791018 
500000 37963648033 49494821 44598760 41084690 43003245 40597244 39002088 61913745 
600000 51889270283 59524462 52371488 50657353 46670265 52859403 46131591 49829273 
700000 204543476095 70135263 56124084 61682868 54066894 58194640 52581499 59592977 
800000 246714197300 76812770 71019334 65232588 62414995 57916072 57993860 73213599 
900000 99745299117 86725426 79088667 72088894 65558237 66469028 70725900 78407565 69512426 
1000000 0 101076919 90291769 77769592 75674001 85617207 79319586 85492169 
2000000 0 181896935 173084041 172032138 171495400 173999452 156754197 160459277 
3000000 0 279664408 275313815 262938736 255124942 243017941 244387296 
4000000 0 375426603 318093775 352103964 327446898 332451863 337649125 351670750 
5000000 0 471127381 421615713 441175429 420162448 413419914 418041852 426579973 
6000000 0 563104664 517801666 533918681 502125773 473691761 462352253 508000850 
7000000 0 661046263 636534211 618483276 600545882 574096963 606040287 620746077 
8000000 0 750330292 723626550 693075935 673871956 677470994 687170331 676254280 
9000000 0 861027470 827047855 798164982 740599830 740058219 776451577 
10000000 0 962902517 806829658 879840694 779327462 819325988 857861250 956187069 
20000000 0 2130792564 1755444555 1772521200 1644248371 1669995908 1698310016 1784792766 
