10 119 496 392 246 256 250 258 353 251 
20 328 1129 759 695 558 697 599 490 534 
30 1312 1822 1369 1049 967 1202 1939 639 851 
40 1224 3584 1694 1467 1510 1488 1776 954 1419 
50 2788 3470 4750 2255 1995 2008 3686 1329 1618 
60 4026 5185 3203 2676 2399 2806 2716 1455 1829 
70 6425 5130 3634 3143 3153 3144 3625 1739 2375 
80 9464 6065 4265 3868 3760 3832 5547 1961 2668 
90 11297 7170 5415 4930 4371 4290 6681 1687 3334 
100 9803 8327 6416 5407 4822 5369 8402 1864 3399 
200 4097 20416 6049 9880 12826 12002 8836 2953 3399 
300 8673 15690 26023 22381 12082 24165 13482 4508 5590 
400 15483 18862 18255 38668 32132 15494 20914 6161 25835 
500 23585 26519 18122 19789 27115 15186 17031 9081 11110 
600 33386 38320 27036 62812 12333 12973 10801 18452 20370 
700 45058 46979 33527 25160 86028 74962 13395 17572 24508 
800 58467 64590 42833 40050 25647 26617 67584 24855 27468 
900 85210 60417 51113 105139 110230 25251 28278 33225 32779 
1000 107886 98957 56656 44808 66642 34981 31419 46305 41242 
2000 318235 178215 131041 119109 86034 102670 90994 102938 118323 
3000 717138 237568 205434 196979 159859 153631 145033 179683 186961 
4000 1355149 316656 280598 268744 232570 252702 220047 266547 249635 
5000 2071624 441727 363441 340278 284224 342675 286258 322384 328539 
6000 2941961 497684 476342 415892 398675 369007 337561 376180 394694 
7000 3884018 566949 542376 501827 465566 422748 477711 449745 467568 
8000 5126543 652239 588420 550041 517479 559031 476368 525085 545318 
9000 6555855 750249 682737 646981 609498 525907 526777 578112 640564 
10000 8025038 856488 767138 718407 729438 716779 633050 643396 713846 
20000 31962318 1957259 1685638 1452789 1379352 1383989 1374287 1447829 1524065 
30000 71324184 2892305 2676686 2394265 2143355 2149308 2267460 2271033 2340542 
40000 126848720 3881317 3514642 2951765 2931108 2945471 2952713 3129469 3034465 
50000 203926518 5053440 4727641 4442266 3675150 3980841 3511747 3901299 4064005 
60000 279886093 6205638 5666648 5345552 4711365 4796435 4869963 4760909 4801020 
70000 387101907 7317128 6554596 6427640 5970661 6008706 5450414 5612281 5776661 
80000 521918807 8409322 7418339 7292657 6175663 6242077 6612365 6353075 6473752 
90000 714948092 9593188 8388500 8689567 8100663 7788827 6659560 7293406 7445780 
100000 865523963 10589780 10021735 9250774 9132020 7962991 8123650 8206139 8056513 
200000 3496980533 22577649 21199583 20318440 18929831 18660083 17625559 17191545 16831052 
300000 7890209650 35150251 30525972 31050705 27738884 26428557 26425504 26650942 26532146 
400000 14115150012 48740159 45841006 43375144 37332043 39320971 38088732 37091368 37901449 
