265 358 
497 597 
700 1775 
897 1405 
1214 1688 
1564 2069 
1844 2201 
3213 2859 
2587 3120 
2205 2844 
2651 8241 
4118 5339 
11821 7935 
9223 11258 
15068 17509 
17182 22286 
24822 24853 
32765 31343 
37510 37961 
103260 110516 
172495 218137 
235899 263236 
304250 327419 
380351 389659 
455011 477167 
567736 572535 
613030 633280 
668991 703514 
1420379 1566252 
2318247 2398241 
3050458 3282858 
3859237 4011271 
4553689 4914391 
5417662 5695346 
6532189 6677446 
7191470 7402190 
8028796 8367479 
16903082 18154137 
25420029 28907677 
36111289 35142616 
44688111 48835510 
54376215 54635977 
64218347 67903907 
75160376 79793786 
81746453 90685566 
98312410 97003390 
196793059 210686923 
302623155 328910336 
406186411 438689189 
483590319 549469016 
639796098 712524554 
786818150 806294662 
847142499 890609857 
948687307 1040115898 
1069477390 1172700219 
2382254824 2525650913 
3717959726 3405813953 
