288 286 
965 1000 
1287 929 
2191 1213 
3078 1619 
3420 2034 
4863 2432 
2599 3022 
8048 2742 
10455 4320 
13823 8077 
28221 5570 
11927 9787 
15437 10430 
39426 28508 
29657 18560 
35556 26791 
48327 28972 
49330 36878 
116729 107321 
175873 192485 
233662 276620 
306692 289041 
444125 422496 
433193 428309 
558980 468504 
542673 522595 
606352 647009 
1296620 1163563 
1952763 1827494 
30716862 4394086 
66644089 3272781 
81025935 3723525 
76559142 4370204 
109562670 5277210 
117227775 5399454 
6878092 
14123120 
26994020 
