10 126 542 385 371 319 249 284 219 251 
20 364 1152 703 573 593 879 616 495 505 
30 1460 1842 1350 1126 1083 1176 1227 1206 772 
40 1207 2657 1721 1490 1436 1652 1822 854 1166 
50 1802 3436 2729 2317 3488 2053 3862 1153 1362 
60 3765 4237 3131 2633 2504 2924 2811 1482 1947 
70 6387 5202 3752 3219 3232 3346 4011 1563 2062 
80 7947 6167 4175 3666 3725 3593 4493 1612 2493 
90 9221 7035 5306 4776 4395 4462 6527 1823 2691 
100 5504 8059 6419 5402 13285 5334 7851 2417 3168 
200 3761 7284 15500 22936 10871 11109 28293 3562 6875 
300 8352 32280 9820 19614 26349 18017 13745 3733 4937 
400 15514 18709 16966 20152 31612 6028 11158 5224 5927 
500 23641 27049 19769 28485 14833 17541 6838 9236 9584 
600 32987 33496 24933 18928 29265 12400 10371 24401 23845 
700 44326 37798 32584 50779 19597 13749 75532 21511 15962 
800 68559 44561 42678 39885 26895 20850 21329 21052 21508 
900 91140 52997 48121 100859 26086 27255 24172 24465 26626 
1000 123377 61276 52388 112158 35110 33988 29074 26252 32026 
2000 352854 138420 121132 116427 89290 94744 93970 63822 74132 
3000 734276 220445 192449 172788 160655 149350 119945 113504 130545 
4000 1316051 291694 254567 231420 206679 204061 196912 163171 177383 
5000 1953981 369437 315011 282528 252880 253497 234374 223525 218762 
6000 2909126 448726 429412 361048 340160 315263 302157 276831 271839 
7000 3838355 511162 468448 408610 394619 342329 338961 290034 296170 
8000 5047334 581787 528050 445766 440489 439106 417041 341120 343799 
9000 6334566 671666 571703 537893 495899 499616 437981 376476 382421 
10000 7847953 745107 620583 591234 556450 538529 488501 460692 436899 
20000 31372295 1612189 1323595 1390277 1206417 1198647 1117848 828200 894841 
30000 70740914 2393920 2096450 1941417 1782273 1615896 1480698 1301703 1264815 
40000 125526896 3312268 2641970 2645091 2506136 2215668 2157526 1705256 1888471 
50000 195444924 4115886 3703757 3244125 3174804 3001911 2437911 2157313 2018695 
60000 287071184 4913195 4304428 4103722 3442305 3601098 3647674 2783493 2725811 
70000 396605917 6126234 5131983 4769935 4356208 3942131 3713182 3316594 3252577 
80000 565960868 6689007 5536559 5265473 5020874 5048395 4836694 3862302 3608438 
90000 640434926 7715301 6788222 6292145 6314307 5620665 5224230 4184638 4231171 
100000 868100617 8517254 7814353 6994908 6667858 5716588 5420620 4351094 4467821 
200000 3299261491 17906313 16018029 14162988 13408582 13282566 10724954 8644122 9252216 
300000 7854157608 26916018 23288336 20360845 19511970 20374716 16811880 13906432 13401744 
400000 13945696804 36322447 32588324 29998571 28281906 25624620 25395901 19155892 18074099 
500000 21797421124 44790390 39602730 36915942 34155425 34285832 31036703 24345062 22104899 
600000 33813063993 53856286 46178604 43726217 42275206 42177428 36098006 27876707 28306434 
700000 45987915737 63861830 57904213 50301030 50206577 43337688 46958227 33690603 34145687 
800000 55936988368 73790520 67646579 58132529 52889116 54698433 44673772 41000442 36858327 
900000 65570837849 82000368 72463622 69205479 65671512 61110670 61280570 45984178 43012875 
1000000 0 95652466 85924051 81448679 69596544 71476658 70230439 45210560 47610682 
2000000 0 194108196 176845316 159233881 150533379 154310389 129370515 109193213 97608068 
3000000 0 292934699 272954357 254720443 230281896 221400855 211223974 165344901 160383370 
4000000 0 395898588 342233546 328271355 297515186 310416883 285341728 202742131 213121872 
5000000 0 493797594 405848213 411713196 380132018 393697897 316530404 281831771 252156561 
6000000 0 600027103 538444723 478459035 479474870 441939447 443748663 309138486 303958601 
7000000 0 694692212 624228614 578980875 551772539 514054472 515099629 372402960 392920481 
8000000 0 787679626 729659189 621838611 593963403 621459576 526899712 462260584 434141183 
9000000 0 907732027 792113571 745306300 700137704 703547579 649767828 518088525 466684536 
10000000 0 1004092386 874847568 820964160 791649395 769938626 634721761 582827018 511149203 
20000000 0 2055618220 1671623390 1713089788 1581056158 1584577603 1540231012 1159532172 1033829625 
