10 167 508 510 270 328 215 272 240 240 
20 414 1218 740 559 569 584 624 383 501 
30 699 1884 1441 1138 987 1049 1197 657 802 
40 1376 2664 1761 1294 1645 1778 2048 839 1152 
50 8686 3689 2587 2335 2043 2573 4055 494 1355 
60 4278 4354 3192 2686 1850 2640 3182 1430 1063 
70 4183 2593 3308 2119 3601 3004 1519 1626 2112 
80 1861 4946 3887 3959 3931 4989 6059 903 1071 
90 841 2919 2653 4318 3382 2645 3644 1109 2462 
100 1065 3267 3446 5408 4192 5544 8988 1274 3161 
200 3926 6460 4486 15050 11737 9436 7161 2604 3013 
300 8377 11882 6623 5025 19414 7528 29027 4376 5333 
400 15073 18310 18076 40471 39300 7497 6902 5341 6914 
500 23135 21871 19638 11158 48112 7929 7745 10616 13195 
600 41360 31695 27636 25122 17179 15774 41037 11378 14482 
700 61695 36341 31646 26077 19235 14907 16404 16486 20517 
800 73420 44745 36615 30852 32862 21722 15920 24836 24920 
900 88868 54146 42488 35847 30400 26938 28112 34881 23777 
1000 108214 62269 51906 40572 30342 34992 29813 27909 28454 
2000 341926 145980 127136 112431 106645 107163 93837 98214 101768 
3000 768676 234975 204870 194468 180649 156572 144210 161587 176006 
4000 1354135 329515 279938 262195 230397 229641 236372 235131 251800 
5000 2039363 419581 340494 335513 282044 301705 297790 321369 336058 
6000 2962179 516499 448401 442844 411132 377910 376401 363917 375729 
7000 3996178 597433 559442 521433 427889 453186 430131 446523 451838 
8000 5377777 738452 686089 628506 601805 620405 568312 499748 542033 
9000 6846849 845784 743151 732796 684429 672385 607832 586576 609293 
10000 8497428 965761 820070 697166 770241 717858 723686 622671 683323 
20000 34152129 1969316 1676331 1643170 1523671 1555818 1410126 1443499 1431302 
30000 76912202 3033518 2744465 2636532 2466519 2350146 2180686 2179046 2169635 
40000 137581955 4138013 3726244 3508467 3429732 3371364 3097314 3082833 3178858 
50000 215258201 5285688 4917569 4654267 4387832 4238627 3714174 3833941 3809572 
60000 308372965 6312865 5945003 5709235 4607358 5166280 5175605 4502430 4286786 
70000 424969789 7605161 6776683 6745985 5618012 6157159 5888049 5183968 5356329 
80000 554993133 8664101 7305047 6696558 7025358 6501948 5946789 6103886 6314049 
90000 653931947 9326459 7907901 8001276 7024385 7426051 7345844 6835435 6583514 
100000 824172676 10713791 9678995 9064348 7865776 8000684 8000373 6959716 7462397 
200000 3333673437 21368859 20240288 19001892 15718268 17538239 14768677 13727621 15103247 
300000 8051998581 33134316 30895611 26289691 27411106 26218066 26256726 21153312 21941718 
400000 14096016081 44607068 41629211 38511225 37795386 35728978 34904010 28900301 29181084 
500000 23717227024 55765715 51993493 48001203 45865430 46916451 44475344 34446750 36373589 
600000 34230092960 66937313 59124996 51275164 56756308 56643692 52631105 41776002 42743301 
700000 43135291268 78855439 73159350 69382929 66629235 62540613 60642245 50026183 51472192 
800000 56698817367 90497960 84766580 80920852 75787365 74358864 66713716 57117183 57164516 
900000 71600151713 102196182 91688158 88639915 84517282 75390384 80408306 63262387 65160247 
1000000 0 118910361 106938856 94824524 99119503 94159258 96000723 75363362 77496138 
2000000 0 237482233 215628243 207148781 201904121 181145722 193125385 150663079 162413429 
3000000 0 358477643 333145236 323531763 265879806 261094267 265504769 229748550 223629903 
4000000 0 478689095 426528710 421290527 392409936 397106926 378536409 301553181 312812128 
5000000 0 602613052 547054466 468284445 512645889 501564109 489492571 361392184 393370190 
6000000 0 723731494 672120491 647597053 629661613 542010165 501599029 453454208 440359134 
7000000 0 846854126 795677078 770131075 726125544 627868305 692218333 528890158 539880709 
8000000 0 970592224 876063027 866248260 742228150 839513808 786321001 618416789 611749341 
9000000 0 1102198378 981991518 988502540 964626152 934750738 887060814 704634347 710737131 
10000000 0 1233764265 1081515143 1062554175 1055686679 1057542515 883349518 764931479 818040647 
20000000 0 2490106669 2180328252 2177694800 2134827501 2123871212 1727608933 1546555282 1616625106 
