10 101 576 440 226 225 449 202 842 328 
20 190 1113 988 495 358 353 362 851 648 
30 325 1789 1209 1015 1325 512 566 1725 923 
40 458 2524 1625 1291 1110 1149 899 2840 1237 
50 721 3270 2432 2829 1663 1550 1208 6023 1683 
60 922 4090 2915 2516 2011 1909 1961 6116 2113 
70 1238 4940 3450 2882 2615 2869 2441 8206 2857 
80 1580 5817 3888 3258 2979 2946 3473 3467 3290 
90 1857 6713 4969 4549 3823 3428 4072 4313 3609 
100 3261 7570 5839 4920 4224 3960 4282 15937 2727 
200 4806 6833 6068 11609 10797 8804 12837 19019 4346 
300 2747 9412 21336 18157 16580 14753 11655 32074 6083 
400 5935 15496 12562 31151 24145 16413 21596 49555 7444 
500 7645 22010 15999 10383 30259 19651 7337 68823 10431 
600 10593 31171 58050 15404 12295 12351 35677 84799 14504 
700 14802 29644 26001 19074 16428 16433 13584 101924 17377 
800 19386 48396 32473 24424 19926 17061 35517 92167 48135 
900 24508 42983 36772 25244 21677 77173 19123 105923 27149 
1000 30493 44318 41597 30399 85736 50788 23451 132198 30848 
2000 127129 100302 83763 70839 66486 69467 50729 180638 90939 
3000 293210 161950 141037 125733 116445 104768 79591 333256 144354 
4000 552818 217220 175850 169824 151280 152568 140049 323645 208751 
5000 927265 287760 230045 198111 189955 177232 134981 443147 262232 
6000 1391265 344486 280522 272579 270327 211298 201654 481110 320085 
7000 2022652 404266 347466 307766 322906 274286 273512 570504 383951 
8000 2722352 449669 392959 386904 310912 330506 297482 662311 451633 
9000 3669031 563449 423862 378889 365429 418415 350890 704968 491471 
10000 4681808 588554 471880 431927 400199 419659 382314 817803 583849 
20000 28279907 1395847 1085700 1130984 1007831 1021224 951628 1463534 1310396 
30000 61285139 1940753 1722097 1465259 1501128 1344081 1287288 2193474 2017738 
40000 120348788 2739036 2193640 2135186 2034086 2023909 1801078 2881905 2625376 
50000 247516037 3437720 2916932 2706298 2726538 2500500 2174890 3921476 3626502 
60000 362781291 4010310 3570579 3446440 3037302 2845842 2866105 58139184 7785956 
70000 430964184 4818830 4111490 3961898 3620092 3711081 3285291 4766310 25875721 
80000 691460210 5649546 4604371 4383620 4367170 4196367 4080957 5684078 
90000 866369129 6505888 5016396 5440209 5466065 4870399 4741039 141414734 60607405 
100000 1091684384 6814051 6021214 5660675 6102845 5241429 4870140 87303402 123510591 
200000 4552424279 14906195 13413960 12132846 11210990 11661560 10993828 
300000 10349410537 21800746 19303977 17478520 17851695 17087669 16413287 
400000 15599385839 30613231 28405391 24454583 22445873 23188994 21968933 40569381 
500000 29151999718 36470270 33476094 30708113 29856688 30053372 29058829 179293314 
600000 35578143143 42230956 37825910 36674281 36877156 35597650 33608739 
700000 57362429322 49705734 44383305 45224982 41952501 42688846 39300036 128439576 
800000 75001512098 62828471 54449738 50941847 49963881 48234957 45046153 
900000 238782091377 64777128 58561522 56383898 53876027 53559409 54171816 
1000000 0 74683774 72732916 70105417 66990593 66090275 62334540 
2000000 0 152989761 146312457 137294054 135860077 133822067 128774616 
3000000 0 232452649 222889954 214832644 188298073 190937178 174715675 
4000000 0 308648643 292905068 275898462 265842483 268808533 261092135 
5000000 0 387840768 361789648 377229146 326239222 315099179 323770408 
6000000 0 476699505 444751601 422365530 405397655 391993717 406171966 
7000000 0 557024548 531410061 499979101 474609356 464987573 454998169 
8000000 0 635113309 601609253 572534784 548612028 581179033 560961424 
9000000 0 782181237 657088735 653128615 629991159 624160980 636221004 
10000000 0 874135661 729105068 702939495 654744741 704223767 620610520 
20000000 0 1647453133 1452667201 1367475160 1473220156 1339558260 1346963538 