0 7
1 40
2 10
3 9
4 224
5 26
6 12
7 52
8 92
9 16
10 39
11 116
12 19
13 62
14 15
15 11
16 13
17 7
18 26
19 10
20 89
21 173
22 37
23 55
24 7
25 79
26 51
27 18
28 27
29 8
30 11
31 17
32 49
33 22
34 48
35 37
36 77
37 128
38 29
39 21
40 19
41 23
42 70
43 7
44 24
45 126
46 269
47 49
48 6
49 717
50 12
51 19
52 43
53 14
54 47
55 34
56 36
57 34
58 12
59 21
60 4
61 4
62 56
63 19
64 7
65 167
66 35
67 15
68 38
69 232
70 30
71 50
72 53
73 2004
74 27
75 225
76 14
77 10
78 19
79 46
80 45
81 21
82 38
83 22
84 36
85 21
86 46
87 23
88 52
89 6
90 5
91 28
92 249
93 31
94 16
95 14
96 77
97 2887
98 18
99 22
100 102
101 9
102 8
103 74
104 26
105 17
106 50
107 32
108 70
109 60
110 13
111 51
112 36
113 10
114 14
115 732
116 495
117 433
118 72
119 10
120 28
121 23
122 1211
123 1018
124 45
125 97
126 44
127 8
128 12
129 79
130 13
131 31
132 17
133 15
134 4
135 68
136 10
137 198
138 147
139 820
140 131
141 7
142 26
143 28
144 38
145 36
146 119
147 43
148 95
149 3
150 11
151 31
152 45
153 22
154 29
155 111
156 1
157 20
158 27
159 596
160 40
161 11
162 29
163 56
164 48
165 48
166 11
167 31
168 33
169 102
170 18
171 47
172 12
173 11
174 13
175 7
176 103
177 31
178 16
179 22
180 9
181 79
182 96
183 17
184 14
185 211
186 4
187 16
188 22
189 30
190 35
191 59
192 42
193 45
194 12
195 19
196 256
197 7
198 44
199 6
200 70
201 29
202 33
203 93
204 8
205 169
206 7
207 119
208 23
209 4
210 51
211 293
212 32
213 69
214 35
215 16
216 42
217 16
218 35
219 32
220 20
221 36
222 30
223 35
224 18
225 19
226 9
227 136
228 231
229 17
230 65
231 84
232 74
233 88
234 1324
235 15
236 209
237 13
238 66
239 59
240 802
241 13
242 18
243 49
244 21
245 63
246 13
247 12
248 106
249 12
250 3
251 25
252 45
253 17
254 10
255 38
256 21
257 57
258 111
259 232
260 16
261 33
262 24
263 42
264 20
265 290
266 12
267 13
268 30
269 76
270 72
271 10
272 71
273 25
274 13
275 136
276 212
277 2
278 16
279 45
280 36
281 34
282 4
283 34
284 57
285 75
286 562
287 9
288 41
289 10
290 12
291 30
292 118
293 29
294 16
295 10
296 35
297 81
298 7
299 53
300 19
301 32
302 5
303 11
304 150
305 11
306 10
307 4
308 1
309 12
310 20
311 41
312 44
313 15
314 399
315 8
316 15
317 17
318 7
319 43
320 463
321 60
322 75
323 26
324 64
325 1551
326 38
327 12
328 74
329 31
330 8
331 83
332 26
333 73
334 15
335 20
336 22
337 157
338 15
339 9
340 70
341 17
342 26
343 59
344 50
345 39
346 16
347 25
348 26
349 40
350 61
351 53
352 123
353 15
354 182
355 39
356 27
357 378
358 11
359 68
360 22
361 26
362 22
363 33
364 51
365 2599
366 84
367 140
368 11
369 31
370 809
371 1792
372 10
373 6
374 11
375 180
376 9
377 165
378 79
379 49
380 20
381 76
382 115
383 13
384 50
385 46
386 12
387 171
388 23
389 157
390 77
391 152
392 13
393 45
394 22
395 30
396 28
397 53
398 51
399 2
400 37
401 13
402 16
403 19
404 27
405 39
406 26
407 28
408 9
409 50
410 49
411 21
412 15
413 43
414 46
415 9
416 130
417 39
418 21
419 11
420 27
421 513
422 39
423 14
424 31
425 60
426 99
427 5
428 59
429 76
430 49
431 15
432 325
433 26
434 6
435 134
436 14
437 73
438 66
439 233
440 365
441 17
442 79
443 18
444 209
445 93
446 91
447 13
448 28
449 40
450 34
451 14
452 52
453 18
454 6
455 170
456 98
457 45
458 66
459 13
460 24
461 33
462 3
463 78
464 18
465 2
466 18
467 199
468 54
469 20
470 23
471 32
472 343
473 22
474 15
475 137
476 70
477 20
478 13
479 18
480 662
481 1914
482 4
483 35
484 318
485 34
486 68
487 211
488 27
489 54
490 4
491 15
492 23
493 44
494 15
495 67
496 32
497 21
498 3
499 67
500 745
501 26
502 8
503 20
504 15
505 73
506 25
507 30
508 10
509 38
510 10
511 134
512 137
513 25
514 16
515 98
516 27
517 49
518 81
519 37
520 65
521 492
522 94
523 9
524 51
525 294
526 30
527 35
528 15
529 46
530 27
531 45
532 10
533 7
534 22
535 107
536 9
537 702
538 48
539 23
540 100
541 12
542 36
543 4127
544 25
545 13
546 32
547 26
548 69
549 12
550 30
551 910
552 33
553 21
554 6
555 440
556 27
557 23
558 16
559 4
560 21
561 68
562 103
563 14
564 36
565 20
566 4
567 13
568 17
569 14
570 17
571 243
572 27
573 12
574 176
575 22
576 35
577 43
578 17
579 123
580 64
581 54
582 15
583 9
584 43
585 19
586 84
587 538
588 168
589 34
590 19
591 77
592 10
593 15
594 57
595 35
596 277
597 81
598 69
599 17
600 32
601 17
602 35
603 83
604 26
605 44
606 20
607 113
608 36
609 16
610 14
611 37
612 187
613 30
614 72
615 12
616 221
617 41
618 31
619 214
620 44
621 23
622 29
623 91
624 38
625 73
626 24
627 75
628 4
629 15
630 468
631 65
632 35
633 16
634 159
635 78
636 60
637 64
638 19
639 36
640 23
641 298
642 74
643 98
644 31
645 20
646 153
647 206
648 46
649 161
650 45
651 119
652 8
653 12
654 19
655 30
656 28
657 20
658 21
659 7
660 23
661 32
662 91
663 47
664 5
665 22
666 93
667 152
668 28
669 16
670 23
671 51
672 31
673 575
674 78
675 113
676 551
677 13
678 35
679 13
680 15
681 46
682 484
683 10
684 26
685 21
686 6
687 59
688 230
689 12
690 5
691 9
692 65
693 42
694 383
695 7
696 124
697 34
698 10
699 20
700 3
701 18
702 39
703 31
704 52
705 91
706 16
707 3614
708 23
709 73
710 21
711 62
712 6
713 10
714 31
715 10
716 116
717 46
718 48
719 107
720 16
721 54
722 74
723 29
724 13
725 12
726 36
727 4950
728 39
729 56
730 20
731 48
732 23
733 10
734 12
735 1
736 43
737 25
738 29
739 336
740 3
741 15
742 118
743 18
744 42
745 41
746 41
747 49
748 256
749 11
750 7
751 224
752 99
753 56
754 102
755 13
756 176
757 38
758 55
759 32
760 63
761 68
762 28
763 23
764 11
765 41
766 57
767 27
768 61
769 28
770 17
771 17
772 130
773 70
774 115
775 31
776 31
777 53
778 14
779 110
780 71
781 47
782 114
783 20
784 8
785 94
786 40
787 2
788 37
789 7
790 249
791 20
792 65
793 62
794 30
795 40
796 21
797 16
798 29
799 71
800 24
801 7591
802 26
803 21
804 34
805 48
806 81
807 59
808 62
809 65
810 32
811 13
812 167
813 236
814 11
815 19
816 31
817 405
818 17
819 25
820 46
821 8
822 6
823 1864
824 30
825 721
826 291
827 38
828 84
829 14
830 19
831 7
832 12
833 435
834 22
835 8
836 65
837 31
838 7
839 5
840 15
841 17
842 50
843 13
844 224
845 53
846 54
847 32
848 81
849 44
850 12
851 17
852 359
853 68
854 55
855 192
856 17
857 51
858 68
859 23
860 119
861 42
862 31
863 42
864 29
865 148
866 29
867 11
868 18
869 33
870 5
871 32
872 27
873 184
874 15
875 148
876 13
877 23
878 87
879 349
880 22
881 13
882 13
883 165
884 267
885 12
886 50
887 13
888 30
889 64
890 17
891 40
892 18
893 32
894 12
895 112
896 450
897 49
898 47
899 31
900 63
901 93
902 15
903 18
904 21
905 5
906 20
907 20
908 56
909 32
910 47
911 145
912 104
913 8
914 457
915 25
916 32
917 10
918 186
919 24
920 110
921 7
922 92
923 26
924 25
925 18
926 4
927 173
928 60
929 28
930 14
931 5
932 248
933 70
934 30
935 32
936 30
937 86
938 57
939 15
940 411
941 259
942 18
943 14
944 4
945 6
946 52
947 10
948 91
949 58
950 17
951 24
952 515
953 30
954 16
955 11
956 72
957 24
958 118
959 161
960 402
961 19
962 18
963 24
964 52
965 13
966 10
967 40
968 54
969 10
970 181
971 33
972 20
973 67
974 94
975 19
976 9
977 13
978 20
979 122
980 43
981 26
982 62
983 32
984 15
985 25
986 100
987 20
988 157
989 19
990 53
991 32
992 43
993 8
994 38
995 14
996 13
997 46
998 14
999 17
1000 58
1001 655
1002 82
1003 27
1004 18
1005 23
1006 161
1007 29
1008 157
1009 5
1010 35
1011 38
1012 7
1013 41
1014 31
1015 11
1016 19
1017 33
1018 11
1019 42
1020 38
1021 3
1022 8
1023 12
1024 38
1025 18
1026 7
1027 39
1028 222
1029 136
1030 131
1031 21
1032 141
1033 24
1034 137
1035 14
1036 7
1037 17
1038 44
1039 6
1040 3
1041 50
1042 2
1043 5
1044 5
1045 8
1046 21
1047 1
1048 47
1049 70
1050 17
1051 1330
1052 59
1053 57
1054 259
1055 35
1056 27
1057 26
1058 3
1059 54
1060 110
1061 30
1062 19
1063 27
1064 103
1065 21
1066 152
1067 34
1068 23
1069 121
1070 788
1071 116
1072 25
1073 24
1074 16
1075 39
1076 7
1077 934
1078 28
1079 56
1080 22
1081 11
1082 17
1083 8
1084 19
1085 143
1086 20
1087 5
1088 94
1089 2
1090 4
1091 16
1092 75
1093 15
1094 18
1095 21
1096 30
1097 103
1098 92
1099 32
1100 17
1101 29
1102 42
1103 14
1104 27
1105 50
1106 413
1107 5
1108 288
1109 43
1110 22
1111 10
1112 13
1113 21
1114 24
1115 69
1116 243
1117 5
1118 12
1119 61
1120 15
1121 33
1122 17
1123 342
1124 20
1125 100
1126 14
1127 15
1128 41
1129 22
1130 8
1131 34
1132 28
1133 14
1134 41
1135 85
1136 186
1137 23
1138 124
1139 117
1140 37
1141 107
1142 31
1143 201
1144 18
1145 75
1146 45
1147 18
1148 11
1149 31
1150 10
1151 78
1152 45
1153 11
1154 149
1155 20
1156 15
1157 1
1158 25
1159 29
1160 73
1161 63
1162 21
1163 104
1164 62
1165 25
1166 16
1167 174
1168 54
1169 183
1170 43
1171 22
1172 20
1173 19
1174 62
1175 31
1176 60
1177 21
1178 23
1179 16
1180 10
1181 9
1182 25
1183 95
1184 76
1185 378
1186 44
1187 44
1188 3
1189 1041
1190 13
1191 20
1192 85
1193 21
1194 18
1195 39
1196 107
1197 84
1198 33
1199 52
1200 14
1201 8
1202 78
1203 62
1204 38
1205 51
1206 24
1207 47
1208 46
1209 24
1210 15
1211 11
1212 19
1213 75
1214 175
1215 66
1216 3
1217 16
1218 16
1219 17
1220 14
1221 21
1222 20
1223 57
1224 157
1225 19
1226 12
1227 28
1228 9
1229 31
1230 339
1231 18
1232 7
1233 11
1234 24
1235 28
1236 164
1237 22
1238 18
1239 36
1240 14
1241 68
1242 51
1243 60
1244 19
1245 18
1246 18
1247 250
1248 40
1249 22
1250 29
1251 14
1252 44
1253 17
1254 23
1255 46
1256 8
1257 23
1258 32
1259 48
1260 33
1261 4
1262 112
1263 27
1264 33
1265 57
1266 42
1267 1209
1268 70
1269 29
1270 238
1271 20
1272 76
1273 86
1274 26
1275 87
1276 222
1277 40
1278 17
1279 25
1280 17
1281 10
1282 160
1283 49
1284 209
1285 54
1286 45
1287 110
1288 96
1289 17
1290 51
1291 6
1292 19
1293 60
1294 137
1295 11
1296 52
1297 142
1298 151
1299 19
1300 24
1301 31
1302 93
1303 18
1304 47
1305 17
1306 133
1307 19
1308 1001
1309 19
1310 136
1311 14
1312 18
1313 44
1314 2013
1315 8
1316 107
1317 8
1318 106
1319 9
1320 15
1321 7
1322 17
1323 6
1324 23
1325 20
1326 32
1327 12
1328 18
1329 202
1330 47
1331 9
1332 25
1333 49
1334 48
1335 27
1336 146
1337 18
1338 45
1339 1261
1340 357
1341 461
1342 46
1343 12
1344 108
1345 20
1346 6
1347 20
1348 3
1349 84
1350 313
1351 25
1352 13
1353 13
1354 16
1355 3
1356 57
1357 2
1358 22
1359 36
1360 20
1361 19
1362 6
1363 34
1364 25
1365 67
1366 312
1367 34
1368 31
1369 15
1370 46
1371 26
1372 47
1373 18
1374 28
1375 46
1376 10
1377 135
1378 12
1379 55
1380 47
1381 55
1382 26
1383 110
1384 171
1385 46
1386 12
1387 22
1388 12
1389 145
1390 60
1391 19
1392 23
1393 61
1394 36
1395 13
1396 37
1397 17
1398 29
1399 91
1400 15
1401 27
1402 11
1403 40
1404 92
1405 32
1406 9
1407 270
1408 4
1409 122
1410 39
1411 12
1412 11
1413 59
1414 17
1415 87
1416 39
1417 42
1418 4
1419 35
1420 38
1421 85
1422 2
1423 47
1424 19
1425 37
1426 23
1427 31
1428 5
1429 7
1430 75
1431 137
1432 13
1433 20
1434 118
1435 47
1436 27
1437 32
1438 21
1439 11
1440 74
1441 183
1442 75
1443 12
1444 55
1445 33
1446 47
1447 47
1448 120
1449 22
1450 83
1451 38
1452 44
1453 28
1454 6
1455 16
1456 12
1457 14
1458 5
1459 57
1460 20
1461 17
1462 94
1463 21
1464 7
1465 27
1466 69
1467 9
1468 32
1469 233
1470 14
1471 11
1472 6
1473 28
1474 38
1475 164
1476 25
1477 80
1478 30
1479 47
1480 53
1481 18
1482 65
1483 16
1484 13
1485 38
1486 9
1487 11
1488 53
1489 44
1490 419
1491 263
1492 222
1493 34
1494 28
1495 8
1496 48
1497 9
1498 41
1499 12
