0 810
1 721
2 100
3 56
4 257
5 122
6 198
7 111
8 259
9 59
10 84
11 288
12 163
13 128
14 62
15 120
16 59
17 89
18 118
19 89
20 192
21 668
22 139
23 76
24 96
25 391
26 88
27 92
28 264
29 190
30 169
31 83
32 200
33 53
34 207
35 158
36 93
37 847
38 121
39 50
40 122
41 85
42 108
43 4139
44 54
45 147
46 322
47 76
48 122
49 799
50 59
51 2259
52 135
53 92
54 312
55 509
56 90
57 83
58 31
59 79
60 135
61 102
62 178
63 60
64 146
65 208
66 191
67 62
68 78
69 367
70 835
71 409
72 105
73 2040
74 219
75 286
76 56
77 987
78 64
79 225
80 131
81 86
82 70
83 39
84 98
85 183
86 150
87 566
88 314
89 42
90 28
91 121
92 334
93 61
94 91
95 70
96 384
97 3071
98 179
99 71
100 151
101 55
102 85
103 171
104 79
105 111
106 483
107 150
108 394
109 119
110 49
111 98
112 236
113 61
114 110
115 813
116 959
117 479
118 115
119 285
120 87
121 79
122 1257
123 1451
124 103
125 270
126 82
127 98
128 57
129 116
130 489
131 130
132 80
133 45
134 204
135 231
136 256
137 285
138 290
139 973
140 191
141 412
142 131
143 327
144 87
145 131
146 317
147 267
148 152
149 195
150 66
151 228
152 98
153 45
154 197
155 161
156 44
157 41
158 73
159 632
160 136
161 106
162 141
163 207
164 115
165 95
166 120
167 357
168 115
169 301
170 84
171 120
172 63
173 605
174 153
175 151
176 714
177 65
178 74
179 51
180 34
181 134
182 605
183 122
184 116
185 610
186 54
187 119
188 255
189 1083
190 53
191 88
192 192
193 108
194 413
195 65
196 487
197 125
198 87
199 78
200 87
201 55
202 150
203 186
204 98
205 311
206 47
207 3780
208 92
209 101
210 87
211 366
212 57
213 154
214 241
215 92
216 161
217 78
218 99
219 156
220 50
221 111
222 124
223 121
224 188
225 50
226 57
227 5114
228 279
229 104
230 424
231 150
232 104
233 109
234 1360
235 44
236 416
237 60
238 113
239 431
240 819
241 96
242 187
243 127
244 82
245 122
246 72
247 311
248 402
249 45
250 39
251 263
252 188
253 90
254 135
255 97
256 205
257 118
258 198
259 312
260 112
261 105
262 164
263 92
264 64
265 388
266 111
267 1249
268 161
269 133
270 327
271 47
272 277
273 181
274 154
275 254
276 465
277 95
278 47
279 180
280 124
281 91
282 278
283 103
284 274
285 223
286 647
287 121
288 174
289 34
290 312
291 56
292 202
293 151
294 183
295 61
296 108
297 239
298 187
299 143
300 67
301 7654
302 124
303 50
304 231
305 76
306 224
307 82
308 1064
309 96
310 188
311 68
312 229
313 295
314 2423
315 35
316 153
317 430
318 130
319 77
320 524
321 75
322 98
323 1896
324 117
325 2292
326 361
327 62
328 176
329 247
330 74
331 99
332 63
333 557
334 85
335 55
336 233
337 206
338 67
339 1275
340 442
341 495
342 122
343 84
344 382
345 112
346 76
347 77
348 110
349 168
350 386
351 95
352 495
353 96
354 253
355 234
356 101
357 431
358 101
359 127
360 161
361 87
362 59
363 109
364 105
365 2814
366 425
367 185
368 60
369 79
370 860
371 1850
372 84
373 208
374 54
375 374
376 32
377 323
378 178
379 453
380 89
381 144
382 154
383 288
384 488
385 104
386 74
387 206
388 65
389 366
390 154
391 211
392 54
393 138
394 70
395 155
396 515
397 119
398 127
399 124
400 115
401 133
402 42
403 77
404 140
405 76
406 55
407 318
408 69
409 204
410 135
411 178
412 130
413 110
414 520
415 121
416 201
417 91
418 211
419 70
420 175
421 605
422 133
423 87
424 75
425 115
426 126
427 209
428 124
429 111
430 138
431 157
432 586
433 116
434 154
435 213
436 71
437 191
438 144
439 259
440 850
441 459
442 172
443 44
444 268
445 132
446 190
447 70
448 239
449 120
450 134
451 76
452 611
453 76
454 28
455 197
456 182
457 83
458 189
459 231
460 446
461 69
462 115
463 123
464 77
465 42
466 97
467 248
468 140
469 263
470 218
471 76
472 369
473 117
474 147
475 320
476 104
477 113
478 63
479 187
480 758
481 1958
482 131
483 83
484 346
485 97
486 177
487 242
488 237
489 117
490 476
491 310
492 288
493 86
494 81
495 89
496 93
497 76
498 58
499 96
