0 1
1 0
2 0
3 1
4 2
5 0
6 1
7 1
8 1
9 0
10 3
11 0
12 0
13 0
14 0
15 0
16 2
17 4
18 1
19 3
20 1
21 0
22 0
23 0
24 1
25 1
26 2
27 0
28 0
29 0
30 0
31 4
32 0
33 1
34 4
35 2
36 0
37 0
38 0
39 0
40 2
41 0
42 2
43 3
44 1
45 1
46 2
47 0
48 2
49 1
50 1
51 2
52 2
53 3
54 2
55 2
56 2
57 1
58 0
59 2
60 1
61 4
62 0
63 0
64 2
65 2
66 2
67 1
68 2
69 2
70 2
71 2
72 0
73 1
74 2
75 0
76 2
77 2
78 2
79 1
80 1
81 1
82 1
83 1
84 2
85 1
86 2
87 0
88 2
89 0
90 1
91 2
92 1
93 1
94 1
95 0
96 1
97 1
98 3
99 2
100 2
101 1
102 1
103 4
104 0
105 3
106 2
107 1
108 2
109 3
110 2
111 4
112 0
113 2
114 0
115 2
116 2
117 2
118 0
119 3
120 1
121 2
122 3
123 3
124 0
125 3
126 1
127 1
128 2
129 2
130 0
131 0
132 1
133 0
134 2
135 1
136 0
137 1
138 1
139 1
140 0
141 1
142 2
143 1
144 1
145 1
146 2
147 0
148 1
149 0
150 1
151 1
152 1
153 1
154 0
155 1
156 1
157 1
158 2
159 1
160 3
161 2
162 2
163 0
164 0
165 0
166 0
167 4
168 2
169 1
170 0
171 1
172 2
173 1
174 1
175 0
176 1
177 3
178 2
179 1
180 1
181 1
182 3
183 1
184 1
185 1
186 0
187 1
188 1
189 0
190 3
191 0
192 2
193 1
194 0
195 0
196 2
197 2
198 0
199 2
200 0
201 1
202 4
203 0
204 4
205 0
206 0
207 0
208 0
209 1
210 1
211 0
212 1
213 0
214 0
215 0
216 0
217 0
218 0
219 0
220 2
221 0
222 2
223 0
224 1
225 0
226 1
227 1
228 1
229 1
230 0
231 1
232 2
233 1
234 0
235 1
236 2
237 1
238 0
239 1
240 0
241 4
242 0
243 5
244 1
245 1
246 0
247 0
248 2
249 2
250 1
251 0
252 1
253 0
254 1
255 1
256 2
257 0
258 0
259 2
260 1
261 0
262 0
263 2
264 2
265 0
266 3
267 1
268 1
269 1
270 0
271 0
272 1
273 0
274 4
275 0
276 0
277 2
278 0
279 2
280 1
281 1
282 0
283 0
284 1
285 1
286 2
287 0
288 2
289 1
290 0
291 1
292 0
293 2
294 2
295 0
296 2
297 0
298 0
299 0
300 0
301 1
302 0
303 0
304 2
305 1
306 3
307 1
308 1
309 0
310 3
311 0
312 3
313 1
314 1
315 0
316 1
317 2
318 2
319 0
320 1
321 1
322 1
323 2
324 0
325 4
326 3
327 1
328 1
329 1
330 3
331 1
332 0
333 4
334 0
335 0
336 3
337 1
338 0
339 1
340 0
341 1
342 0
343 3
344 1
345 2
346 1
347 0
348 2
349 2
350 2
351 2
352 2
353 1
354 0
355 2
356 0
357 0
358 0
359 3
360 1
361 0
362 0
363 0
364 1
365 0
366 1
367 1
368 1
369 0
370 0
371 2
372 3
373 0
374 0
375 1
376 0
377 0
378 0
379 1
380 0
381 0
382 0
383 4
384 0
385 4
386 0
387 2
388 1
389 1
390 1
391 1
392 1
393 2
394 2
395 4
396 0
397 2
398 1
399 1
400 2
401 2
402 0
403 1
404 0
405 0
406 0
407 1
408 3
409 2
410 2
411 0
412 1
413 2
414 1
415 0
416 0
417 2
418 1
419 2
420 1
421 1
422 1
423 0
424 1
425 2
426 1
427 1
428 0
429 4
430 1
431 1
432 3
433 3
434 0
435 2
436 0
437 3
438 1
439 0
440 1
441 2
442 3
443 2
444 0
445 2
446 2
447 2
448 2
449 1
450 0
451 1
452 2
453 0
454 2
455 3
456 1
457 0
458 1
459 0
460 0
461 1
462 1
463 5
464 1
465 1
466 1
467 1
468 1
469 0
470 1
471 2
472 0
473 1
474 0
475 0
476 1
477 0
478 0
479 2
480 2
481 0
482 3
483 1
484 2
485 0
486 1
487 2
488 2
489 1
490 2
491 0
492 2
493 1
494 4
495 0
496 0
497 0
498 0
499 0
500 1
501 0
502 0
503 0
504 3
505 3
506 0
507 0
508 0
509 0
510 0
511 2
512 2
513 1
514 0
515 1
516 2
517 0
518 1
519 0
520 2
521 3
522 0
523 1
524 0
525 2
526 0
527 2
528 0
529 0
530 0
531 1
532 1
533 1
534 3
535 2
536 0
537 1
538 2
539 2
540 2
541 1
542 1
543 0
544 0
545 2
546 0
547 1
548 1
549 0
550 2
551 1
552 2
553 2
554 1
555 1
556 3
557 1
558 1
559 0
560 1
561 1
562 1
563 2
564 1
565 1
566 2
567 2
568 1
569 4
570 1
571 3
572 0
573 0
574 1
575 0
576 3
577 0
578 1
579 1
580 0
581 2
582 0
583 1
584 0
585 1
586 0
587 0
588 0
589 2
590 0
591 0
592 2
593 0
594 0
595 1
596 1
597 2
598 2
599 0
600 3
601 3
602 0
603 0
604 0
605 1
606 0
607 1
608 1
609 1
610 1
611 0
612 0
613 0
614 0
615 0
616 0
617 1
618 1
619 1
620 1
621 1
622 1
623 2
624 2
625 0
626 3
627 0
628 2
629 0
630 0
631 0
632 1
633 1
634 0
635 0
636 1
637 1
638 2
639 1
640 0
641 1
642 2
643 2
644 1
645 1
646 1
647 1
648 0
649 1
650 1
651 0
652 2
653 2
654 0
655 1
656 2
657 0
658 0
659 2
660 2
661 1
662 0
663 1
664 2
665 0
666 0
667 0
668 1
669 1
670 0
671 1
672 1
673 1
674 0
675 1
676 1
677 1
678 1
679 2
680 1
681 2
682 0
683 0
684 3
685 3
686 1
687 0
688 2
689 0
690 0
691 3
692 2
693 2
694 1
695 0
696 3
697 0
698 0
699 0
700 2
701 3
702 1
703 2
704 0
705 0
706 0
707 1
708 1
709 1
710 0
711 2
712 0
713 0
714 0
715 2
716 0
717 1
718 2
719 2
720 1
721 3
722 0
723 2
724 1
725 2
726 2
727 0
728 1
729 1
730 1
731 2
732 0
733 0
734 2
735 0
736 1
737 1
738 2
739 0
740 1
741 1
742 3
743 2
744 2
745 1
746 2
747 1
748 0
749 0
750 1
751 2
752 1
753 3
754 0
755 1
756 0
757 3
758 2
759 1
760 3
761 0
762 1
763 2
764 0
765 0
766 0
767 0
768 1
769 4
770 2
771 1
772 3
773 1
774 1
775 2
776 0
777 2
778 1
779 1
780 1
781 2
782 0
783 1
784 1
785 0
786 1
787 1
788 2
789 1
790 0
791 2
792 1
793 2
794 0
795 0
796 2
797 1
798 1
799 1
800 1
801 1
802 2
803 3
804 1
805 4
806 0
807 0
808 1
809 1
810 2
811 1
812 1
813 1
814 3
815 3
816 1
817 2
818 1
819 0
820 0
821 1
822 1
823 3
824 0
825 2
826 1
827 1
828 2
829 2
830 0
831 0
832 0
833 2
834 0
835 1
836 1
837 2
838 1
839 1
840 0
841 2
842 0
843 4
844 1
845 0
846 1
847 3
848 0
849 0
850 2
851 0
852 1
853 1
854 1
855 0
856 0
857 1
858 1
859 5
860 4
861 1
862 0
863 2
864 1
865 0
866 0
867 1
868 0
869 0
870 2
871 1
872 1
873 3
874 1
875 1
876 0
877 1
878 0
879 1
880 0
881 2
882 3
883 3
884 0
885 2
886 2
887 2
888 0
889 2
890 1
891 2
892 3
893 1
894 1
895 1
896 3
897 1
898 1
899 0
900 0
901 0
902 0
903 0
904 0
905 0
906 0
907 0
908 0
909 2
910 1
911 2
912 0
913 1
914 0
915 2
916 0
917 1
918 0
919 2
920 2
921 2
922 0
923 1
924 1
925 2
926 0
927 4
928 1
929 2
930 1
931 0
932 2
933 0
934 1
935 0
936 0
937 0
938 2
939 1
940 0
941 0
942 3
943 1
944 0
945 0
946 2
947 0
948 0
949 0
950 1
951 1
952 1
953 3
954 2
955 1
956 2
957 0
958 0
959 0
960 1
961 0
962 0
963 2
964 1
965 1
966 0
967 1
968 1
969 1
970 0
971 2
972 1
973 0
974 0
975 2
976 0
977 1
978 1
979 1
980 1
981 1
982 0
983 2
984 0
985 1
986 0
987 0
988 1
989 0
990 2
991 2
992 0
993 0
994 4
995 0
996 3
997 3
998 0
999 2
1000 3
1001 1
1002 0
1003 4
1004 0
1005 1
1006 2
1007 0
1008 0
1009 1
1010 3
1011 2
1012 2
1013 3
1014 2
1015 1
1016 2
1017 0
1018 1
1019 2
1020 1
1021 0
1022 0
1023 1
1024 2
1025 0
1026 2
1027 1
1028 1
1029 0
1030 0
1031 2
1032 0
1033 3
1034 0
1035 0
1036 0
1037 0
1038 2
1039 0
1040 2
1041 0
1042 0
1043 2
1044 0
1045 2
1046 1
1047 1
1048 4
1049 0
1050 1
1051 0
1052 2
1053 1
1054 1
1055 1
1056 0
1057 0
1058 1
1059 1
1060 1
1061 1
1062 1
1063 1
1064 3
1065 0
1066 1
1067 0
1068 1
1069 0
1070 1
1071 2
1072 1
1073 0
1074 1
1075 1
1076 0
1077 3
1078 0
1079 3
1080 0
1081 1
1082 1
1083 0
1084 3
1085 2
1086 0
1087 2
1088 3
1089 0
1090 0
1091 1
1092 0
1093 2
1094 1
1095 2
1096 0
1097 2
1098 2
1099 3
1100 1
1101 2
1102 0
1103 1
1104 1
1105 0
1106 2
1107 0
1108 0
1109 1
1110 0
1111 1
1112 1
1113 0
1114 3
1115 0
1116 2
1117 0
1118 2
1119 0
1120 1
1121 1
1122 3
1123 2
1124 1
1125 1
1126 2
1127 1
1128 2
1129 0
1130 0
1131 1
1132 0
1133 0
1134 2
1135 0
1136 1
1137 1
1138 0
1139 2
1140 0
1141 1
1142 3
1143 1
1144 2
1145 3
1146 1
1147 1
1148 3
1149 1
1150 0
1151 0
1152 0
1153 3
1154 0
1155 1
1156 0
1157 0
1158 1
1159 0
1160 1
1161 2
1162 0
1163 0
1164 1
1165 1
1166 1
1167 1
1168 0
1169 2
1170 2
1171 0
1172 0
1173 2
1174 0
1175 0
1176 1
1177 0
1178 1
1179 2
1180 0
1181 1
1182 2
1183 1
1184 0
1185 1
1186 0
1187 0
1188 2
1189 3
1190 2
1191 0
1192 2
1193 1
1194 0
1195 2
1196 2
1197 3
1198 0
1199 0
1200 1
1201 0
1202 0
1203 1
1204 1
1205 1
1206 2
1207 1
1208 2
1209 1
1210 2
1211 2
1212 1
1213 1
1214 2
1215 0
1216 0
1217 2
1218 1
1219 1
1220 1
1221 2
1222 1
1223 1
1224 0
1225 0
1226 1
1227 0
1228 1
1229 3
1230 0
1231 0
1232 0
1233 0
1234 0
1235 0
1236 0
1237 0
1238 1
1239 2
1240 0
1241 2
1242 0
1243 1
1244 0
1245 0
1246 4
1247 1
1248 2
1249 1
1250 1
1251 1
1252 2
1253 3
1254 3
1255 0
1256 2
1257 3
1258 0
1259 2
1260 2
1261 0
1262 0
1263 2
1264 1
1265 4
1266 0
1267 5
1268 0
1269 1
1270 1
1271 1
1272 3
1273 0
1274 1
1275 1
1276 1
1277 2
1278 0
1279 3
1280 3
1281 1
1282 1
1283 3
1284 0
1285 2
1286 0
1287 3
1288 0
1289 1
1290 1
1291 3
1292 0
1293 1
1294 2
1295 0
1296 3
1297 3
1298 1
1299 0
1300 0
1301 0
1302 1
1303 2
1304 1
1305 1
1306 0
1307 0
1308 1
1309 1
1310 2
1311 1
1312 0
1313 1
1314 0
1315 0
1316 2
1317 1
1318 1
1319 2
1320 3
1321 4
1322 1
1323 1
1324 0
1325 0
1326 0
1327 0
1328 3
1329 2
1330 0
1331 1
1332 0
1333 1
1334 4
1335 2
1336 2
1337 0
1338 0
1339 0
1340 0
1341 1
1342 0
1343 1
1344 2
1345 0
1346 1
1347 0
1348 1
1349 0
1350 3
1351 1
1352 0
1353 0
1354 0
1355 2
1356 0
1357 1
1358 0
1359 2
1360 1
1361 0
1362 2
1363 1
1364 3
1365 0
1366 1
1367 0
1368 0
1369 2
1370 0
1371 1
1372 0
1373 0
1374 1
1375 2
1376 1
1377 0
1378 2
1379 0
1380 2
1381 1
1382 0
1383 1
1384 1
1385 3
1386 3
1387 0
1388 0
1389 1
1390 0
1391 2
1392 1
1393 3
1394 1
1395 1
1396 0
1397 3
1398 0
1399 3
1400 2
1401 2
1402 0
1403 2
1404 1
1405 3
1406 1
1407 2
1408 0
1409 2
1410 1
1411 0
1412 0
1413 1
1414 1
1415 0
1416 3
1417 0
1418 0
1419 0
1420 1
1421 0
1422 0
1423 0
1424 0
1425 1
1426 1
1427 0
1428 0
1429 1
1430 0
1431 2
1432 2
1433 1
1434 3
1435 0
1436 1
1437 0
1438 1
1439 2
1440 4
1441 0
1442 1
1443 0
1444 2
1445 0
1446 1
1447 0
1448 2
1449 2
1450 2
1451 0
1452 3
1453 0
1454 3
1455 1
1456 1
1457 0
1458 0
1459 1
1460 2
1461 0
1462 1
1463 1
1464 0
1465 1
1466 0
1467 1
1468 3
1469 1
1470 2
1471 0
1472 0
1473 1
1474 0
1475 0
1476 1
1477 0
1478 2
1479 1
1480 3
1481 2
1482 1
1483 1
1484 1
1485 4
1486 0
1487 2
1488 2
1489 2
1490 0
1491 1
1492 1
1493 2
1494 1
1495 1
1496 1
1497 3
1498 1
1499 2
1500 0
1501 0
1502 1
1503 2
1504 0
1505 2
1506 0
1507 1
1508 2
1509 0
1510 3
1511 0
1512 1
1513 3
1514 1
1515 2
1516 0
1517 2
1518 1
1519 3
1520 1
1521 1
1522 1
1523 0
1524 1
1525 1
1526 1
1527 0
1528 0
1529 2
1530 0
1531 0
1532 0
1533 2
1534 0
1535 0
1536 1
1537 1
1538 1
1539 2
1540 0
1541 1
1542 1
1543 1
1544 1
1545 0
1546 1
1547 1
1548 1
1549 1
1550 0
1551 1
1552 2
1553 0
1554 1
1555 1
1556 0
1557 1
1558 0
1559 1
1560 1
1561 1
1562 1
1563 1
1564 2
1565 0
1566 1
1567 3
1568 2
1569 2
1570 2
1571 2
1572 1
1573 1
1574 2
1575 3
1576 1
1577 1
1578 1
1579 3
1580 1
1581 3
1582 1
1583 1
1584 0
1585 2
1586 1
1587 2
1588 1
1589 0
1590 0
1591 2
1592 1
1593 1
1594 1
1595 2
1596 2
1597 1
1598 3
1599 1
1600 1
1601 2
1602 1
1603 0
1604 2
1605 1
1606 4
1607 2
1608 2
1609 0
1610 2
1611 1
1612 0
1613 1
1614 1
1615 2
1616 1
1617 3
1618 2
1619 1
1620 0
1621 0
1622 1
1623 0
1624 2
1625 3
1626 0
1627 0
1628 0
1629 2
1630 0
1631 2
1632 2
1633 0
1634 2
1635 2
1636 0
1637 1
1638 1
1639 3
1640 0
1641 1
1642 0
1643 0
1644 1
1645 1
1646 0
1647 0
1648 0
1649 1
1650 0
1651 0
1652 1
1653 2
1654 1
1655 0
1656 0
1657 1
1658 1
1659 1
1660 0
1661 0
1662 3
1663 0
1664 0
1665 1
1666 5
1667 2
1668 1
1669 1
1670 1
1671 0
1672 3
1673 1
1674 0
1675 2
1676 1
1677 1
1678 0
1679 1
1680 1
1681 2
1682 1
1683 2
1684 3
1685 1
1686 1
1687 2
1688 0
1689 4
1690 1
1691 1
1692 0
1693 2
1694 1
1695 1
1696 1
1697 0
1698 2
1699 0
1700 0
1701 0
1702 2
1703 3
1704 1
1705 1
1706 0
1707 1
1708 3
1709 2
1710 2
1711 0
1712 0
1713 0
1714 0
1715 0
1716 0
1717 3
1718 1
1719 1
1720 0
1721 0
1722 2
1723 0
1724 0
1725 0
1726 1
1727 3
1728 0
1729 1
1730 1
1731 0
1732 1
1733 2
1734 0
1735 1
1736 2
1737 1
1738 2
1739 0
1740 0
1741 1
1742 2
1743 1
1744 2
1745 1
1746 1
1747 1
1748 0
1749 1
1750 1
1751 1
1752 0
1753 0
1754 0
1755 3
1756 1
1757 0
1758 1
1759 1
1760 0
1761 0
1762 1
1763 2
1764 2
1765 0
1766 1
1767 3
1768 2
1769 2
1770 2
1771 0
1772 3
1773 2
1774 1
1775 2
1776 0
1777 3
1778 1
1779 0
1780 4
1781 0
1782 1
1783 0
1784 2
1785 0
1786 1
1787 0
1788 1
1789 1
1790 3
1791 0
1792 0
1793 2
1794 1
1795 1
1796 2
1797 1
1798 1
1799 2
1800 1
1801 1
1802 2
1803 0
1804 1
1805 1
1806 2
1807 1
1808 1
1809 0
1810 3
1811 2
1812 2
1813 0
1814 0
1815 1
1816 1
1817 1
1818 1
1819 3
1820 0
1821 0
1822 1
1823 2
1824 2
1825 0
1826 1
1827 0
1828 2
1829 0
1830 0
1831 1
1832 1
1833 1
1834 2
1835 1
1836 1
1837 1
1838 1
1839 0
1840 0
1841 0
1842 1
1843 0
1844 3
1845 1
1846 0
1847 0
1848 2
1849 1
1850 3
1851 0
1852 2
1853 0
1854 1
1855 2
1856 0
1857 0
1858 3
1859 1
1860 1
1861 1
1862 2
1863 1
1864 0
1865 2
1866 0
1867 0
1868 3
1869 0
1870 0
1871 1
1872 1
1873 2
1874 2
1875 0
1876 0
1877 0
1878 0
1879 4
1880 0
1881 2
1882 0
1883 2
1884 1
1885 0
1886 0
1887 1
1888 1
1889 1
1890 2
1891 0
1892 2
1893 1
1894 0
1895 1
1896 1
1897 3
1898 0
1899 2
1900 2
1901 1
1902 1
1903 1
1904 2
1905 2
1906 1
1907 3
1908 1
1909 1
1910 1
1911 1
1912 1
1913 1
1914 1
1915 0
1916 0
1917 1
1918 1
1919 1
1920 2
1921 0
1922 3
1923 1
1924 1
1925 4
1926 1
1927 0
1928 1
1929 2
1930 2
1931 1
1932 0
1933 0
1934 0
1935 2
1936 0
1937 0
1938 1
1939 0
1940 0
1941 1
1942 1
1943 0
1944 2
1945 0
1946 2
1947 2
1948 1
1949 2
1950 0
1951 0
1952 0
1953 0
1954 0
1955 0
1956 2
1957 1
1958 2
1959 2
1960 1
1961 0
1962 3
1963 2
1964 0
1965 0
1966 2
1967 1
1968 1
1969 1
1970 0
1971 1
1972 0
1973 3
1974 0
1975 4
1976 1
1977 5
1978 3
1979 0
1980 3
1981 0
1982 0
1983 1
1984 0
1985 0
1986 0
1987 0
1988 2
1989 1
1990 3
1991 1
1992 0
1993 2
1994 2
1995 1
1996 1
1997 1
1998 2
1999 1
2000 1
2001 2
2002 1
2003 1
2004 1
2005 1
2006 0
2007 2
2008 0
2009 1
2010 3
2011 1
2012 0
2013 2
2014 3
2015 0
2016 2
2017 0
2018 1
2019 2
2020 1
2021 1
2022 0
2023 3
2024 1
2025 0
2026 1
2027 3
2028 0
2029 2
2030 1
2031 0
2032 1
2033 1
2034 0
2035 1
2036 1
2037 1
2038 1
2039 0
2040 1
2041 0
2042 0
2043 3
2044 2
2045 0
2046 2
2047 1
2048 1
2049 0
2050 0
2051 1
2052 1
2053 2
2054 1
2055 3
2056 1
2057 2
2058 0
2059 0
2060 3
2061 0
2062 1
2063 0
2064 1
2065 0
2066 0
2067 2
2068 0
2069 3
2070 1
2071 1
2072 1
2073 0
2074 1
2075 3
2076 1
2077 1
2078 3
2079 1
2080 0
2081 1
2082 2
2083 0
2084 2
2085 1
2086 0
2087 0
2088 0
2089 0
2090 3
2091 1
2092 3
2093 2
2094 3
2095 0
2096 2
2097 1
2098 3
2099 2
2100 1
2101 1
2102 1
2103 1
2104 1
2105 1
2106 0
2107 1
2108 1
2109 1
2110 0
2111 1
2112 0
2113 2
2114 0
2115 2
2116 3
2117 1
2118 1
2119 3
2120 1
2121 3
2122 1
2123 2
2124 1
2125 1
2126 2
2127 0
2128 1
2129 3
2130 1
2131 1
2132 1
2133 1
2134 0
2135 1
2136 2
2137 1
2138 1
2139 0
2140 0
2141 2
2142 1
2143 0
2144 0
2145 3
2146 0
2147 3
2148 1
2149 0
2150 0
2151 1
2152 2
2153 0
2154 2
2155 1
2156 0
2157 0
2158 1
2159 1
2160 0
2161 1
2162 1
2163 1
2164 2
2165 1
2166 0
2167 2
2168 1
2169 1
2170 0
2171 3
2172 0
2173 2
2174 2
2175 0
2176 1
2177 0
2178 0
2179 1
2180 0
2181 3
2182 1
2183 1
2184 1
2185 0
2186 1
2187 0
2188 1
2189 0
2190 3
2191 1
2192 2
2193 0
2194 1
2195 1
2196 1
2197 1
2198 1
2199 0
2200 2
2201 0
2202 2
2203 0
2204 0
2205 0
2206 0
2207 1
2208 0
2209 0
2210 1
2211 2
2212 1
2213 0
2214 1
2215 2
2216 0
2217 1
2218 2
2219 1
2220 2
2221 2
2222 3
2223 3
2224 1
2225 2
2226 0
2227 2
2228 2
2229 0
2230 1
2231 1
2232 1
2233 0
2234 0
2235 0
2236 3
2237 1
2238 3
2239 2
2240 1
2241 2
2242 1
2243 2
2244 0
2245 0
2246 2
2247 1
2248 1
2249 1
2250 3
2251 1
2252 1
2253 0
2254 1
2255 1
2256 1
2257 0
2258 0
2259 1
2260 2
2261 0
2262 1
2263 0
2264 0
2265 2
2266 1
2267 0
2268 2
2269 0
2270 1
2271 0
2272 1
2273 0
2274 1
2275 0
2276 0
2277 1
2278 1
2279 2
2280 2
2281 0
2282 2
2283 1
2284 2
2285 0
2286 0
2287 0
2288 0
2289 0
2290 0
2291 2
2292 2
2293 2
2294 2
2295 1
2296 2
2297 1
2298 0
2299 1
2300 2
2301 0
2302 0
2303 2
2304 1
2305 1
2306 0
2307 0
2308 2
2309 1
2310 1
2311 0
2312 1
2313 2
2314 2
2315 0
2316 4
2317 3
2318 1
2319 1
2320 3
2321 2
2322 1
2323 1
2324 4
2325 1
2326 1
2327 3
2328 3
2329 1
2330 1
2331 0
2332 0
2333 2
2334 1
2335 0
2336 2
2337 1
2338 4
2339 0
2340 2
2341 1
2342 1
2343 1
2344 1
2345 0
2346 1
2347 3
2348 3
2349 1
2350 1
2351 1
2352 1
2353 1
2354 0
2355 0
2356 4
2357 1
2358 3
2359 2
2360 1
2361 2
2362 0
2363 2
2364 1
2365 2
2366 4
2367 0
2368 2
2369 2
2370 0
2371 1
2372 1
2373 1
2374 0
2375 1
2376 1
2377 0
2378 2
2379 2
2380 1
2381 0
2382 0
2383 0
2384 1
2385 2
2386 0
2387 0
2388 0
2389 2
2390 1
2391 1
2392 0
2393 0
2394 1
2395 0
2396 1
2397 1
2398 2
2399 0
2400 0
2401 1
2402 0
2403 1
2404 1
2405 3
2406 1
2407 0
2408 1
2409 0
2410 0
2411 1
2412 1
2413 3
2414 1
2415 0
2416 1
2417 0
2418 0
2419 0
2420 2
2421 0
2422 1
2423 1
2424 3
2425 1
2426 0
2427 0
2428 1
2429 4
2430 1
2431 1
2432 2
2433 1
2434 2
2435 1
2436 2
2437 3
2438 2
2439 1
2440 0
2441 1
2442 1
2443 2
2444 1
2445 4
2446 2
2447 1
2448 1
2449 2
2450 0
2451 2
2452 1
2453 3
2454 2
2455 1
2456 1
2457 0
2458 2
2459 1
2460 0
2461 1
2462 1
2463 2
2464 2
2465 1
2466 2
2467 1
2468 3
2469 0
2470 1
2471 0
2472 0
2473 0
2474 2
2475 0
2476 1
2477 1
2478 0
2479 4
2480 1
2481 0
2482 3
2483 3
2484 2
2485 3
2486 0
2487 1
2488 2
2489 3
2490 1
2491 1
2492 0
2493 2
2494 1
2495 0
2496 2
2497 1
2498 2
2499 0
2500 0
2501 1
2502 1
2503 0
2504 1
2505 0
2506 1
2507 2
2508 2
2509 2
2510 4
2511 0
2512 1
2513 1
2514 0
2515 2
2516 0
2517 2
2518 1
2519 1
2520 2
2521 1
2522 2
2523 1
2524 3
2525 0
2526 1
2527 1
2528 1
2529 1
2530 2
2531 3
2532 2
2533 0
2534 1
2535 0
2536 2
2537 1
2538 4
2539 0
2540 4
2541 0
2542 0
2543 0
2544 0
2545 2
2546 1
2547 0
2548 1
2549 1
2550 0
2551 3
2552 1
2553 1
2554 0
2555 0
2556 1
2557 2
2558 0
2559 3
2560 3
2561 1
2562 2
2563 1
2564 1
2565 0
2566 1
2567 2
2568 0
2569 0
2570 0
2571 2
2572 2
2573 1
2574 1
2575 2
2576 0
2577 0
2578 1
2579 2
2580 0
2581 0
2582 1
2583 1
2584 1
2585 2
2586 1
2587 0
2588 3
2589 1
2590 1
2591 2
2592 1
2593 1
2594 1
2595 2
2596 1
2597 1
2598 0
2599 2
2600 1
2601 3
2602 1
2603 0
2604 1
2605 1
2606 1
2607 1
2608 0
2609 2
2610 1
2611 2
2612 0
2613 0
2614 1
2615 0
2616 0
2617 1
2618 3
2619 1
2620 2
2621 1
2622 2
2623 1
2624 0
2625 2
2626 0
2627 0
2628 3
2629 0
2630 0
2631 2
2632 2
2633 1
2634 1
2635 2
2636 0
2637 0
2638 1
2639 1
2640 2
2641 2
2642 2
2643 0
2644 1
2645 2
2646 1
2647 1
2648 1
2649 1
2650 1
2651 1
2652 2
2653 2
2654 5
2655 0
2656 0
2657 0
2658 0
2659 3
2660 0
2661 0
2662 2
2663 0
2664 3
2665 1
2666 2
2667 1
2668 2
2669 1
2670 1
2671 4
2672 1
2673 0
2674 1
2675 1
2676 2
2677 2
2678 0
2679 0
2680 1
2681 2
2682 2
2683 1
2684 1
2685 2
2686 0
2687 2
2688 1
2689 2
2690 1
2691 0
2692 1
2693 2
2694 1
2695 3
2696 2
2697 0
2698 3
2699 2
2700 1
2701 2
2702 2
2703 1
2704 0
2705 0
2706 1
2707 1
2708 0
2709 3
2710 0
2711 0
2712 0
2713 0
2714 1
2715 3
2716 1
2717 0
2718 1
2719 2
2720 1
2721 1
2722 1
2723 0
2724 1
2725 1
2726 0
2727 1
2728 1
2729 1
2730 2
2731 0
2732 1
2733 0
2734 1
2735 2
2736 2
2737 1
2738 0
2739 1
2740 0
2741 0
2742 1
2743 0
2744 1
2745 3
2746 0
2747 1
2748 0
2749 0
2750 1
2751 0
2752 2
2753 1
2754 4
2755 0
2756 4
2757 0
2758 1
2759 0
2760 2
2761 1
2762 2
2763 1
2764 1
2765 0
2766 2
2767 1
2768 0
2769 0
2770 2
2771 2
2772 3
2773 0
2774 3
2775 3
2776 0
2777 2
2778 1
2779 1
2780 0
2781 3
2782 0
2783 2
2784 0
2785 2
2786 0
2787 0
2788 2
2789 1
2790 1
2791 0
2792 0
2793 2
2794 2
2795 0
2796 2
2797 0
2798 3
2799 2
2800 0
2801 1
2802 1
2803 0
2804 2
2805 0
2806 0
2807 0
2808 5
2809 1
2810 0
2811 0
2812 0
2813 0
2814 1
2815 0
2816 2
2817 0
2818 0
2819 1
2820 0
2821 0
2822 1
2823 0
2824 2
2825 0
2826 0
2827 2
2828 3
2829 3
2830 0
2831 0
2832 2
2833 0
2834 1
2835 1
2836 1
2837 0
2838 0
2839 2
2840 0
2841 2
2842 0
2843 1
2844 1
2845 0
2846 1
2847 1
2848 2
2849 2
2850 2
2851 0
2852 1
2853 0
2854 2
2855 0
2856 1
2857 0
2858 3
2859 0
2860 1
2861 1
2862 1
2863 1
2864 0
2865 2
2866 1
2867 0
2868 2
2869 0
2870 1
2871 1
2872 1
2873 1
2874 1
2875 1
2876 1
2877 1
2878 1
2879 1
2880 1
2881 1
2882 1
2883 1
2884 2
2885 0
2886 0
2887 2
2888 1
2889 3
2890 0
2891 2
2892 1
2893 2
2894 0
2895 0
2896 1
2897 1
2898 0
2899 0
2900 1
2901 3
2902 0
2903 2
2904 3
2905 1
2906 2
2907 1
2908 2
2909 2
2910 2
2911 0
2912 2
2913 0
2914 1
2915 0
2916 0
2917 0
2918 0
2919 1
2920 2
2921 2
2922 1
2923 1
2924 1
2925 1
2926 1
2927 1
2928 0
2929 0
2930 0
2931 0
2932 1
2933 1
2934 1
2935 0
2936 1
2937 0
2938 2
2939 0
2940 1
2941 1
2942 0
2943 3
2944 0
2945 1
2946 2
2947 2
2948 2
2949 0
2950 0
2951 2
2952 1
2953 1
2954 0
2955 1
2956 1
2957 0
2958 3
2959 0
2960 0
2961 2
2962 2
2963 0
2964 1
2965 1
2966 1
2967 1
2968 1
2969 0
2970 3
2971 1
2972 0
2973 0
2974 0
2975 2
2976 0
2977 2
2978 2
2979 1
2980 0
2981 1
2982 1
2983 0
2984 1
2985 0
2986 2
2987 1
2988 1
2989 2
2990 3
2991 2
2992 4
2993 0
2994 0
2995 1
2996 0
2997 1
2998 2
2999 3
3000 1
3001 0
3002 0
3003 1
3004 0
3005 0
3006 2
3007 0
3008 3
3009 2
3010 0
3011 1
3012 2
3013 3
3014 1
3015 2
3016 0
3017 1
3018 1
3019 3
3020 1
3021 0
3022 1
3023 0
3024 1
3025 1
3026 3
3027 1
3028 0
3029 1
3030 0
3031 2
3032 1
3033 1
3034 1
3035 0
3036 1
3037 0
3038 1
3039 0
3040 0
3041 2
3042 0
3043 1
3044 1
3045 0
3046 0
3047 1
3048 1
3049 0
3050 1
3051 2
3052 0
3053 1
3054 0
3055 2
3056 0
3057 0
3058 1
3059 1
3060 0
3061 1
3062 0
3063 1
3064 0
3065 4
3066 2
3067 4
3068 3
3069 2
3070 0
3071 0
3072 1
3073 1
3074 0
3075 2
3076 1
3077 0
3078 0
3079 1
3080 1
3081 1
3082 1
3083 2
3084 0
3085 4
3086 0
3087 0
3088 6
3089 1
3090 1
3091 1
3092 0
3093 0
3094 1
3095 3
3096 2
3097 2
3098 2
3099 1
3100 2
3101 1
3102 1
3103 1
3104 3
3105 0
3106 0
3107 0
3108 2
3109 1
3110 1
3111 3
3112 0
3113 0
3114 1
3115 2
3116 3
3117 1
3118 0
3119 1
3120 1
3121 4
3122 2
3123 1
3124 2
3125 0
3126 0
3127 1
3128 2
3129 0
3130 2
3131 1
3132 3
3133 2
3134 0
3135 1
3136 3
3137 2
3138 1
3139 1
3140 0
3141 0
3142 1
3143 0
3144 1
3145 1
3146 2
3147 0
3148 2
3149 0
3150 2
3151 3
3152 0
3153 2
3154 1
3155 0
3156 2
3157 1
3158 4
3159 2
3160 1
3161 1
3162 1
3163 2
3164 2
3165 1
3166 1
3167 1
3168 1
3169 1
3170 2
3171 0
3172 0
3173 1
3174 1
3175 2
3176 0
3177 1
3178 1
3179 0
3180 0
3181 0
3182 2
3183 0
3184 1
3185 1
3186 0
3187 0
3188 0
3189 2
3190 0
3191 0
3192 3
3193 1
3194 1
3195 0
3196 3
3197 0
3198 0
3199 1
3200 1
3201 3
3202 3
3203 2
3204 2
3205 3
3206 0
3207 2
3208 3
3209 0
3210 1
3211 2
3212 0
3213 2
3214 2
3215 2
3216 0
3217 0
3218 1
3219 1
3220 0
3221 0
3222 1
3223 1
3224 3
3225 1
3226 2
3227 2
3228 1
3229 0
3230 2
3231 1
3232 0
3233 2
3234 1
3235 2
3236 2
3237 4
3238 1
3239 0
3240 3
3241 1
3242 1
3243 1
3244 2
3245 1
3246 2
3247 1
3248 0
3249 1
3250 1
3251 4
3252 1
3253 1
3254 1
3255 1
3256 1
3257 3
3258 2
3259 1
3260 1
3261 1
3262 1
3263 1
3264 0
3265 2
3266 1
3267 1
3268 2
3269 5
3270 2
3271 0
3272 0
3273 2
3274 0
3275 1
3276 0
3277 1
3278 0
3279 2
3280 1
3281 1
3282 2
3283 0
3284 0
3285 4
3286 0
3287 1
3288 1
3289 2
3290 2
3291 2
3292 2
3293 0
3294 2
3295 1
3296 1
3297 1
3298 2
3299 1
3300 3
3301 1
3302 0
3303 0
3304 1
3305 1
3306 0
3307 1
3308 1
3309 0
3310 2
3311 0
3312 1
3313 2
3314 1
3315 2
3316 2
3317 1
3318 0
3319 2
3320 2
3321 1
3322 0
3323 3
3324 2
3325 3
3326 0
3327 2
3328 1
3329 1
3330 1
3331 1
3332 2
3333 0
3334 1
3335 2
3336 2
3337 3
3338 0
3339 1
3340 1
3341 2
3342 1
3343 0
3344 1
3345 1
3346 2
3347 0
3348 1
3349 2
3350 2
3351 2
3352 2
3353 2
3354 1
3355 0
3356 4
3357 2
3358 1
3359 0
3360 1
3361 1
3362 0
3363 3
3364 0
3365 1
3366 1
3367 2
3368 1
3369 1
3370 1
3371 3
3372 0
3373 2
3374 2
3375 4
3376 0
3377 0
3378 2
3379 3
3380 0
3381 0
3382 1
3383 0
3384 1
3385 1
3386 0
3387 0
3388 2
3389 0
3390 0
3391 0
3392 1
3393 3
3394 2
3395 1
3396 1
3397 0
3398 2
3399 1
3400 1
3401 0
3402 1
3403 1
3404 2
3405 0
3406 3
3407 1
3408 0
3409 0
3410 3
3411 0
3412 1
3413 0
3414 2
3415 1
3416 1
3417 1
3418 2
3419 2
3420 1
3421 1
3422 2
3423 1
3424 0
3425 1
3426 1
3427 0
3428 1
3429 2
3430 2
3431 0
3432 1
3433 1
3434 2
3435 3
3436 2
3437 1
3438 1
3439 0
3440 2
3441 2
3442 1
3443 1
3444 2
3445 3
3446 1
3447 1
3448 1
3449 0
3450 2
3451 1
3452 1
3453 1
3454 2
3455 1
3456 2
3457 0
3458 0
3459 1
3460 2
3461 1
3462 0
3463 2
3464 0
3465 1
3466 0
3467 1
3468 2
3469 1
3470 2
3471 1
3472 1
3473 1
3474 4
3475 3
3476 0
3477 1
3478 1
3479 0
3480 3
3481 0
3482 0
3483 3
3484 0
3485 4
3486 0
3487 1
3488 1
3489 1
3490 1
3491 1
3492 0
3493 1
3494 1
3495 3
3496 4
3497 2
3498 2
3499 0
3500 3
3501 3
3502 2
3503 1
3504 3
3505 1
3506 2
3507 4
3508 1
3509 3
3510 2
3511 1
3512 2
3513 3
3514 2
3515 1
3516 1
3517 0
3518 1
3519 1
3520 2
3521 1
3522 2
3523 1
3524 1
3525 0
3526 0
3527 0
3528 1
3529 0
3530 2
3531 1
3532 3
3533 0
3534 0
3535 0
3536 1
3537 1
3538 0
3539 3
3540 0
3541 2
3542 1
3543 1
3544 1
3545 1
3546 0
3547 1
3548 0
3549 1
3550 1
3551 1
3552 2
3553 1
3554 1
3555 1
3556 2
3557 0
3558 2
3559 0
3560 1
3561 1
3562 2
3563 1
3564 1
3565 1
3566 0
3567 3
3568 3
3569 1
3570 0
3571 3
3572 1
3573 2
3574 0
3575 0
3576 1
3577 0
3578 0
3579 0
3580 1
3581 2
3582 0
3583 1
3584 0
3585 3
3586 1
3587 3
3588 0
3589 0
3590 1
3591 0
3592 1
3593 1
3594 1
3595 1
3596 1
3597 0
3598 1
3599 2
3600 1
3601 2
3602 1
3603 0
3604 1
3605 2
3606 1
3607 0
3608 4
3609 0
3610 0
3611 1
3612 2
3613 2
3614 4
3615 1
3616 1
3617 0
3618 4
3619 0
3620 0
3621 0
3622 4
3623 2
3624 2
3625 1
3626 0
3627 3
3628 1
3629 1
3630 0
3631 0
3632 0
3633 1
3634 0
3635 2
3636 0
3637 1
3638 4
3639 1
3640 1
3641 1
3642 0
3643 2
3644 1
3645 0
3646 3
3647 1
3648 0
3649 1
3650 0
3651 1
3652 0
3653 0
3654 2
3655 3
3656 2
3657 1
3658 0
3659 0
3660 2
3661 1
3662 0
3663 3
3664 0
3665 1
3666 1
3667 1
3668 2
3669 0
3670 0
3671 1
3672 2
3673 1
3674 1
3675 0
3676 1
3677 1
3678 1
3679 0
3680 2
3681 0
3682 1
3683 1
3684 1
3685 2
3686 1
3687 1
3688 1
3689 0
3690 1
3691 0
3692 0
3693 0
3694 0
3695 1
3696 3
3697 2
3698 2
3699 0
3700 0
3701 0
3702 1
3703 2
3704 2
3705 2
3706 0
3707 2
3708 1
3709 0
3710 0
3711 1
3712 1
3713 2
3714 0
3715 2
3716 1
3717 2
3718 3
3719 1
3720 0
3721 0
3722 2
3723 1
3724 0
3725 1
3726 2
3727 4
3728 2
3729 0
3730 0
3731 2
3732 0
3733 2
3734 1
3735 2
3736 0
3737 1
3738 0
3739 2
3740 0
3741 1
3742 2
3743 1
3744 0
3745 3
3746 0
3747 5
3748 0
3749 1
3750 0
3751 2
3752 3
3753 1
3754 1
3755 3
3756 1
3757 1
3758 1
3759 4
3760 1
3761 1
3762 4
3763 0
3764 0
3765 1
3766 0
3767 0
3768 0
3769 2
3770 0
3771 0
3772 3
3773 4
3774 1
3775 1
3776 1
3777 2
3778 0
3779 1
3780 2
3781 0
3782 0
3783 0
3784 3
3785 0
3786 0
3787 1
3788 0
3789 1
3790 4
3791 2
3792 4
3793 1
3794 0
3795 2
3796 1
3797 0
3798 2
3799 3
3800 1
3801 3
3802 0
3803 2
3804 0
3805 1
3806 2
3807 1
3808 0
3809 1
3810 1
3811 1
3812 1
3813 1
3814 1
3815 2
3816 1
3817 0
3818 1
3819 2
3820 0
3821 0
3822 1
3823 1
3824 1
3825 0
3826 0
3827 0
3828 1
3829 1
3830 2
3831 0
3832 0
3833 1
3834 0
3835 1
3836 2
3837 1
3838 0
3839 0
3840 2
3841 1
3842 3
3843 1
3844 1
3845 0
3846 0
3847 2
3848 1
3849 2
3850 1
3851 2
3852 1
3853 0
3854 1
3855 1
3856 2
3857 1
3858 1
3859 3
3860 2
3861 0
3862 1
3863 2
3864 1
3865 1
3866 1
3867 0
3868 0
3869 1
3870 3
3871 1
3872 1
3873 1
3874 2
3875 2
3876 1
3877 1
3878 0
3879 2
3880 4
3881 0
3882 3
3883 1
3884 3
3885 2
3886 2
3887 1
3888 1
3889 1
3890 4
3891 2
3892 1
3893 1
3894 1
3895 3
3896 0
3897 2
3898 1
3899 1
3900 2
3901 0
3902 2
3903 2
3904 1
3905 0
3906 1
3907 1
3908 0
3909 1
3910 2
3911 0
3912 0
3913 0
3914 1
3915 1
3916 1
3917 0
3918 3
3919 0
3920 3
3921 0
3922 0
3923 0
3924 2
3925 0
3926 0
3927 2
3928 1
3929 1
3930 3
3931 2
3932 1
3933 1
3934 2
3935 1
3936 0
3937 2
3938 1
3939 1
3940 2
3941 0
3942 1
3943 0
3944 3
3945 1
3946 1
3947 0
3948 1
3949 0
3950 1
3951 0
3952 1
3953 2
3954 0
3955 2
3956 0
3957 0
3958 0
3959 1
3960 2
3961 0
3962 0
3963 1
3964 1
3965 1
3966 0
3967 2
3968 0
3969 1
3970 0
3971 1
3972 2
3973 1
3974 4
3975 1
3976 1
3977 2
3978 0
3979 0
3980 0
3981 2
3982 2
3983 0
3984 1
3985 1
3986 0
3987 1
3988 0
3989 1
3990 1
3991 2
3992 0
3993 1
3994 1
3995 1
3996 0
3997 2
3998 0
3999 1
4000 1
4001 3
4002 0
4003 0
4004 1
4005 4
4006 2
4007 1
4008 0
4009 1
4010 2
4011 1
4012 2
4013 0
4014 1
4015 1
4016 1
4017 1
4018 0
4019 2
4020 2
4021 3
4022 1
4023 1
4024 0
4025 2
4026 0
4027 3
4028 0
4029 1
4030 0
4031 0
4032 1
4033 0
4034 2
4035 1
4036 1
4037 0
4038 0
4039 0
4040 1
4041 1
4042 0
4043 1
4044 1
4045 2
4046 0
4047 2
4048 0
4049 3
4050 1
4051 1
4052 0
4053 1
4054 3
4055 2
4056 3
4057 2
4058 0
4059 0
4060 1
4061 0
4062 2
4063 1
4064 1
4065 3
4066 2
4067 2
4068 2
4069 1
4070 2
4071 1
4072 0
4073 0
4074 3
4075 2
4076 1
4077 2
4078 0
4079 1
4080 1
4081 2
4082 3
4083 0
4084 1
4085 1
4086 0
4087 1
4088 1
4089 0
4090 1
4091 3
4092 2
4093 1
4094 0
4095 3
4096 1
4097 2
4098 1
4099 1
4100 0
4101 3
4102 0
4103 1
4104 0
4105 0
4106 1
4107 0
4108 3
4109 1
4110 0
4111 1
4112 0
4113 0
4114 1
4115 4
4116 2
4117 2
4118 2
4119 0
4120 1
4121 1
4122 0
4123 0
4124 0
4125 3
4126 4
4127 1
4128 0
4129 0
4130 0
4131 0
4132 0
4133 1
4134 1
4135 0
4136 2
4137 0
4138 1
4139 6
4140 1
4141 1
4142 1
4143 1
4144 0
4145 2
4146 1
4147 1
4148 0
4149 0
4150 0
4151 2
4152 0
4153 1
4154 1
4155 1
4156 1
4157 0
4158 3
4159 0
4160 1
4161 2
4162 4
4163 0
4164 2
4165 1
4166 1
4167 1
4168 4
4169 1
4170 1
4171 2
4172 1
4173 1
4174 2
4175 2
4176 2
4177 1
4178 2
4179 3
4180 3
4181 2
4182 1
4183 3
4184 1
4185 2
4186 0
4187 3
4188 0
4189 3
4190 0
4191 1
4192 0
4193 5
4194 1
4195 3
4196 1
4197 0
4198 2
4199 1
4200 0
4201 0
4202 0
4203 2
4204 1
4205 3
4206 2
4207 1
4208 1
4209 1
4210 0
4211 3
4212 0
4213 1
4214 2
4215 0
4216 3
4217 2
4218 0
4219 1
4220 0
4221 2
4222 0
4223 0
4224 1
4225 0
4226 2
4227 2
4228 1
4229 3
4230 1
4231 6
4232 3
4233 0
4234 1
4235 0
4236 2
4237 1
4238 1
4239 2
4240 0
4241 2
4242 4
4243 0
4244 1
4245 1
4246 1
4247 1
4248 1
4249 1
4250 0
4251 2
4252 3
4253 0
4254 0
4255 1
4256 0
4257 1
4258 1
4259 5
4260 1
4261 1
4262 2
4263 0
4264 1
4265 1
4266 1
4267 0
4268 0
4269 1
4270 0
4271 1
4272 1
4273 1
4274 1
4275 1
4276 1
4277 1
4278 0
4279 1
4280 0
4281 3
4282 0
4283 0
4284 2
4285 1
4286 2
4287 2
4288 2
4289 0
4290 1
4291 0
4292 1
4293 0
4294 1
4295 0
4296 1
4297 2
4298 2
4299 1
4300 1
4301 1
4302 1
4303 0
4304 1
4305 2
4306 1
4307 0
4308 2
4309 0
4310 0
4311 2
4312 3
4313 1
4314 1
4315 1
4316 0
4317 0
4318 0
4319 1
4320 1
4321 0
4322 0
4323 1
4324 0
4325 1
4326 1
4327 1
4328 1
4329 0
4330 0
4331 1
4332 0
4333 2
4334 0
4335 1
4336 1
4337 2
4338 2
4339 0
4340 1
4341 0
4342 1
4343 1
4344 0
4345 1
4346 0
4347 1
4348 0
4349 0
4350 1
4351 3
4352 1
4353 2
4354 0
4355 5
4356 1
4357 0
4358 1
4359 2
4360 1
4361 2
4362 1
4363 3
4364 0
4365 3
4366 2
4367 0
4368 0
4369 1
4370 1
4371 0
4372 1
4373 0
4374 0
4375 0
4376 0
4377 1
4378 1
4379 1
4380 0
4381 3
4382 0
4383 0
4384 1
4385 0
4386 0
4387 1
4388 2
4389 1
4390 0
4391 2
4392 1
4393 1
4394 1
4395 0
4396 2
4397 1
4398 3
4399 0
4400 0
4401 0
4402 3
4403 0
4404 1
4405 2
4406 0
4407 1
4408 1
4409 3
4410 1
4411 2
4412 1
4413 1
4414 0
4415 2
4416 0
4417 2
4418 1
4419 1
4420 0
4421 2
4422 1
4423 0
4424 1
4425 1
4426 0
4427 1
4428 2
4429 0
4430 2
4431 1
4432 1
4433 4
4434 3
4435 1
4436 0
4437 2
4438 0
4439 1
4440 0
4441 0
4442 0
4443 0
4444 0
4445 1
4446 1
4447 2
4448 0
4449 1
4450 1
4451 1
4452 0
4453 2
4454 1
4455 2
4456 1
4457 1
4458 3
4459 1
4460 0
4461 0
4462 3
4463 1
4464 1
4465 0
4466 0
4467 2
4468 3
4469 2
4470 2
4471 2
4472 3
4473 2
4474 1
4475 1
4476 0
4477 1
4478 1
4479 0
4480 1
4481 0
4482 0
4483 0
4484 2
4485 0
4486 3
4487 1
4488 5
4489 1
4490 1
4491 1
4492 1
4493 0
4494 1
4495 1
4496 1
4497 0
4498 1
4499 1
4500 1
4501 1
4502 1
4503 0
4504 1
4505 1
4506 1
4507 1
4508 2
4509 4
4510 1
4511 1
4512 1
4513 0
4514 2
4515 2
4516 2
4517 1
4518 1
4519 1
4520 0
4521 0
4522 0
4523 1
4524 4
4525 0
4526 2
4527 2
4528 1
4529 0
4530 1
4531 0
4532 1
4533 0
4534 0
4535 2
4536 0
4537 0
4538 5
4539 4
4540 3
4541 1
4542 1
4543 0
4544 1
4545 0
4546 3
4547 0
4548 1
4549 2
4550 0
4551 1
4552 0
4553 1
4554 1
4555 1
4556 0
4557 0
4558 0
4559 2
4560 0
4561 1
4562 0
4563 1
4564 2
4565 0
4566 0
4567 0
4568 3
4569 1
4570 1
4571 2
4572 1
4573 0
4574 2
4575 3
4576 1
4577 0
4578 2
4579 0
4580 1
4581 1
4582 0
4583 0
4584 2
4585 1
4586 0
4587 1
4588 2
4589 1
4590 0
4591 0
4592 1
4593 1
4594 1
4595 2
4596 0
4597 0
4598 1
4599 1
4600 1
4601 1
4602 0
4603 2
4604 1
4605 3
4606 0
4607 0
4608 0
4609 2
4610 3
4611 1
4612 2
4613 0
4614 1
4615 0
4616 3
4617 0
4618 0
4619 1
4620 1
4621 1
4622 3
4623 1
4624 1
4625 0
4626 1
4627 2
4628 0
4629 3
4630 0
4631 3
4632 1
4633 1
4634 0
4635 0
4636 2
4637 1
4638 0
4639 0
4640 2
4641 1
4642 3
4643 1
4644 0
4645 2
4646 1
4647 1
4648 1
4649 1
4650 1
4651 0
4652 3
4653 2
4654 0
4655 2
4656 2
4657 0
4658 1
4659 1
4660 2
4661 0
4662 1
4663 3
4664 0
4665 3
4666 0
4667 2
4668 1
4669 1
4670 2
4671 0
4672 1
4673 2
4674 1
4675 0
4676 2
4677 0
4678 0
4679 1
4680 1
4681 1
4682 2
4683 2
4684 1
4685 1
4686 1
4687 1
4688 1
4689 1
4690 1
4691 2
4692 0
4693 1
4694 0
4695 0
4696 1
4697 1
4698 4
4699 1
4700 2
4701 1
4702 1
4703 0
4704 2
4705 0
4706 0
4707 1
4708 1
4709 0
4710 1
4711 3
4712 0
4713 3
4714 1
4715 0
4716 2
4717 1
4718 0
4719 3
4720 1
4721 2
4722 0
4723 0
4724 1
4725 1
4726 2
4727 0
4728 1
4729 2
4730 0
4731 0
4732 1
4733 2
4734 0
4735 1
4736 1
4737 1
4738 1
4739 2
4740 1
4741 0
4742 0
4743 2
4744 3
4745 2
4746 2
4747 3
4748 2
4749 0
4750 2
4751 0
4752 2
4753 3
4754 1
4755 1
4756 1
4757 0
4758 0
4759 2
4760 1
4761 0
4762 2
4763 1
4764 0
4765 2
4766 0
4767 1
4768 0
4769 2
4770 1
4771 2
4772 1
4773 0
4774 2
4775 4
4776 0
4777 1
4778 2
4779 2
4780 1
4781 1
4782 0
4783 2
4784 0
4785 1
4786 0
4787 0
4788 0
4789 0
4790 1
4791 0
4792 0
4793 0
4794 2
4795 1
4796 1
4797 1
4798 1
4799 3
4800 1
4801 2
4802 0
4803 0
4804 2
4805 0
4806 3
4807 0
4808 1
4809 2
4810 1
4811 2
4812 2
4813 2
4814 1
4815 2
4816 1
4817 2
4818 0
4819 1
4820 1
4821 2
4822 0
4823 1
4824 2
4825 0
4826 1
4827 1
4828 0
4829 1
4830 0
4831 1
4832 1
4833 1
4834 1
4835 1
4836 2
4837 2
4838 0
4839 1
4840 2
4841 1
4842 2
4843 1
4844 4
4845 0
4846 0
4847 2
4848 2
4849 4
4850 3
4851 0
4852 1
4853 2
4854 1
4855 2
4856 0
4857 1
4858 0
4859 1
4860 0
4861 0
4862 2
4863 0
4864 0
4865 0
4866 1
4867 2
4868 2
4869 1
4870 0
4871 0
4872 0
4873 0
4874 2
4875 0
4876 2
4877 1
4878 1
4879 2
4880 0
4881 0
4882 1
4883 1
4884 2
4885 1
4886 0
4887 1
4888 2
4889 1
4890 4
4891 1
4892 0
4893 3
4894 2
4895 1
4896 1
4897 1
4898 1
4899 1
4900 2
4901 1
4902 0
4903 1
4904 3
4905 3
4906 2
4907 1
4908 2
4909 2
4910 1
4911 2
4912 0
4913 1
4914 2
4915 2
4916 0
4917 3
4918 1
4919 4
4920 3
4921 0
4922 1
4923 0
4924 1
4925 3
4926 0
4927 2
4928 1
4929 0
4930 2
4931 1
4932 2
4933 0
4934 1
4935 1
4936 1
4937 2
4938 3
4939 0
4940 5
4941 1
4942 1
4943 0
4944 3
4945 0
4946 1
4947 0
4948 0
4949 1
4950 1
4951 2
4952 2
4953 0
4954 1
4955 1
4956 2
4957 1
4958 1
4959 1
4960 1
4961 0
4962 2
4963 1
4964 3
4965 0
4966 1
4967 1
4968 1
4969 3
4970 2
4971 1
4972 1
4973 1
4974 2
4975 0
4976 0
4977 0
4978 1
4979 1
4980 0
4981 1
4982 2
4983 0
4984 1
4985 0
4986 2
4987 1
4988 0
4989 0
4990 2
4991 2
4992 1
4993 1
4994 1
4995 0
4996 1
4997 0
4998 2
4999 0
5000 1
5001 1
5002 1
5003 0
5004 2
5005 1
5006 1
5007 0
5008 2
5009 1
5010 0
5011 5
5012 0
5013 1
5014 2
5015 1
5016 1
5017 4
5018 0
5019 1
5020 0
5021 1
5022 1
5023 0
5024 0
5025 1
5026 0
5027 1
5028 4
5029 1
5030 4
5031 1
5032 3
5033 1
5034 0
5035 3
5036 2
5037 0
5038 2
5039 0
5040 0
5041 0
5042 0
5043 0
5044 0
5045 3
5046 3
5047 1
5048 2
5049 1
5050 0
5051 0
5052 0
5053 1
5054 0
5055 2
5056 3
5057 2
5058 1
5059 2
5060 1
5061 1
5062 2
5063 1
5064 1
5065 1
5066 0
5067 0
5068 0
5069 1
5070 1
5071 3
5072 1
5073 0
5074 3
5075 0
5076 1
5077 0
5078 1
5079 0
5080 4
5081 2
5082 1
5083 3
5084 1
5085 1
5086 1
5087 1
5088 2
5089 0
5090 0
5091 0
5092 1
5093 1
5094 1
5095 0
5096 0
5097 2
5098 1
5099 3
5100 1
5101 0
5102 2
5103 3
5104 2
5105 1
5106 0
5107 3
5108 1
5109 1
5110 5
5111 0
5112 0
5113 2
5114 2
5115 2
5116 1
5117 2
5118 1
5119 2
5120 1
5121 1
5122 0
5123 1
5124 1
5125 2
5126 0
5127 1
5128 0
5129 1
5130 0
5131 5
5132 1
5133 0
5134 1
5135 1
5136 0
5137 2
5138 0
5139 2
5140 3
5141 1
5142 0
5143 2
5144 2
5145 0
5146 1
5147 0
5148 2
5149 1
5150 0
5151 1
5152 1
5153 0
5154 1
5155 0
5156 0
5157 1
5158 0
5159 0
5160 0
5161 1
5162 2
5163 1
5164 1
5165 2
5166 1
5167 1
5168 0
5169 0
5170 1
5171 1
5172 1
5173 0
5174 1
5175 0
5176 2
5177 1
5178 1
5179 1
5180 1
5181 4
5182 2
5183 0
5184 0
5185 2
5186 0
5187 0
5188 1
5189 2
5190 1
5191 0
5192 3
5193 2
5194 2
5195 0
5196 1
5197 0
5198 1
5199 0
5200 0
5201 0
5202 1
5203 0
5204 0
5205 0
5206 1
5207 0
5208 2
5209 3
5210 0
5211 1
5212 2
5213 4
5214 3
5215 0
5216 0
5217 0
5218 2
5219 1
5220 2
5221 1
5222 2
5223 1
5224 1
5225 0
5226 2
5227 0
5228 0
5229 3
5230 2
5231 3
5232 2
5233 0
5234 0
5235 2
5236 1
5237 1
5238 0
5239 1
5240 3
5241 1
5242 0
5243 0
5244 0
5245 0
5246 0
5247 2
5248 1
5249 1
5250 0
5251 0
5252 1
5253 0
5254 1
5255 0
5256 1
5257 0
5258 3
5259 0
5260 1
5261 2
5262 1
5263 1
5264 1
5265 0
5266 1
5267 1
5268 2
5269 0
5270 1
5271 0
5272 1
5273 1
5274 1
5275 1
5276 1
5277 1
5278 0
5279 1
5280 0
5281 3
5282 0
5283 1
5284 3
5285 1
5286 1
5287 1
5288 1
5289 0
5290 1
5291 0
5292 1
5293 2
5294 0
5295 1
5296 0
5297 0
5298 0
5299 1
5300 2
5301 3
5302 0
5303 1
5304 2
5305 0
5306 2
5307 2
5308 0
5309 0
5310 2
5311 2
5312 2
5313 2
5314 2
5315 1
5316 0
5317 0
5318 0
5319 1
5320 1
5321 0
5322 4
5323 2
5324 1
5325 1
5326 2
5327 1
5328 0
5329 0
5330 1
5331 0
5332 0
5333 1
5334 0
5335 0
5336 1
5337 2
5338 1
5339 0
5340 1
5341 3
5342 1
5343 2
5344 0
5345 0
5346 1
5347 1
5348 0
5349 1
5350 1
5351 1
5352 1
5353 3
5354 0
5355 3
5356 2
5357 4
5358 0
5359 1
5360 1
5361 2
5362 0
5363 1
5364 2
5365 1
5366 2
5367 0
5368 1
5369 1
5370 2
5371 3
5372 0
5373 1
5374 0
5375 1
5376 1
5377 1
5378 3
5379 1
5380 0
5381 2
5382 2
5383 0
5384 0
5385 0
5386 2
5387 1
5388 1
5389 2
5390 2
5391 0
5392 0
5393 1
5394 1
5395 1
5396 3
5397 0
5398 0
5399 0
5400 1
5401 1
5402 2
5403 1
5404 1
5405 2
5406 1
5407 3
5408 0
5409 2
5410 3
5411 2
5412 1
5413 2
5414 2
5415 0
5416 0
5417 1
5418 1
5419 2
5420 0
5421 1
5422 0
5423 2
5424 2
5425 2
5426 0
5427 0
5428 3
5429 0
5430 2
5431 0
5432 1
5433 2
5434 1
5435 1
5436 1
5437 0
5438 0
5439 1
5440 0
5441 1
5442 0
5443 3
5444 3
5445 0
5446 2
5447 2
5448 1
5449 1
5450 0
5451 1
5452 2
5453 0
5454 0
5455 0
5456 1
5457 2
5458 1
5459 3
5460 1
5461 0
5462 0
5463 2
5464 0
5465 0
5466 0
5467 0
5468 2
5469 1
5470 2
5471 3
5472 0
5473 2
5474 1
5475 2
5476 1
5477 1
5478 1
5479 3
5480 0
5481 0
5482 0
5483 3
5484 1
5485 1
5486 0
5487 3
5488 0
5489 1
5490 0
5491 1
5492 0
5493 0
5494 0
5495 2
5496 0
5497 2
5498 0
5499 0
5500 2
5501 1
5502 0
5503 3
5504 1
5505 2
5506 2
5507 0
5508 2
5509 0
5510 0
5511 1
5512 1
5513 1
5514 1
5515 0
5516 3
5517 0
5518 1
5519 0
5520 1
5521 1
5522 0
5523 2
5524 2
5525 1
5526 0
5527 0
5528 1
5529 0
5530 1
5531 0
5532 1
5533 1
5534 2
5535 0
5536 3
5537 2
5538 3
5539 0
5540 0
5541 3
5542 0
5543 0
5544 0
5545 0
5546 1
5547 0
5548 0
5549 0
5550 3
5551 3
5552 3
5553 2
5554 0
5555 0
5556 2
5557 3
5558 0
5559 0
5560 0
5561 0
5562 2
5563 2
5564 1
5565 0
5566 0
5567 0
5568 0
5569 3
5570 1
5571 1
5572 1
5573 1
5574 2
5575 1
5576 2
5577 1
5578 1
5579 0
5580 3
5581 1
5582 1
5583 0
5584 3
5585 2
5586 2
5587 0
5588 0
5589 0
5590 2
5591 2
5592 0
5593 2
5594 0
5595 2
5596 3
5597 1
5598 1
5599 2
5600 0
5601 0
5602 1
5603 0
5604 3
5605 3
5606 1
5607 0
5608 2
5609 3
5610 0
5611 0
5612 0
5613 0
5614 1
5615 0
5616 1
5617 0
5618 0
5619 0
5620 0
5621 3
5622 1
5623 1
5624 2
5625 3
5626 2
5627 2
5628 1
5629 1
5630 2
5631 1
5632 2
5633 1
5634 0
5635 6
5636 1
5637 1
5638 0
5639 1
5640 3
5641 3
5642 0
5643 0
5644 0
5645 1
5646 3
5647 0
5648 3
5649 1
5650 2
5651 0
5652 1
5653 0
5654 1
5655 0
5656 2
5657 0
5658 1
5659 1
5660 2
5661 0
5662 0
5663 1
5664 2
5665 1
5666 1
5667 1
5668 1
5669 2
5670 2
5671 2
5672 1
5673 1
5674 0
5675 0
5676 1
5677 1
5678 0
5679 1
5680 1
5681 1
5682 1
5683 0
5684 1
5685 1
5686 1
5687 1
5688 1
5689 1
5690 1
5691 2
5692 1
5693 0
5694 1
5695 1
5696 0
5697 1
5698 2
5699 1
5700 0
5701 1
5702 1
5703 0
5704 0
5705 1
5706 1
5707 0
5708 0
5709 2
5710 2
5711 0
5712 0
5713 2
5714 0
5715 1
5716 2
5717 1
5718 0
5719 1
5720 2
5721 1
5722 0
5723 1
5724 1
5725 1
5726 2
5727 0
5728 1
5729 2
5730 1
5731 1
5732 1
5733 1
5734 1
5735 0
5736 1
5737 1
5738 0
5739 0
5740 1
5741 0
5742 0
5743 0
5744 0
5745 2
5746 0
5747 0
5748 3
5749 0
5750 1
5751 1
5752 1
5753 1
5754 2
5755 0
5756 1
5757 3
5758 1
5759 1
5760 0
5761 0
5762 4
5763 2
5764 2
5765 1
5766 0
5767 2
5768 0
5769 1
5770 0
5771 1
5772 0
5773 1
5774 1
5775 1
5776 1
5777 0
5778 4
5779 1
5780 1
5781 0
5782 5
5783 0
5784 0
5785 1
5786 4
5787 1
5788 1
5789 2
5790 2
5791 0
5792 1
5793 4
5794 2
5795 2
5796 2
5797 0
5798 0
5799 1
5800 1
5801 1
5802 0
5803 2
5804 0
5805 2
5806 2
5807 1
5808 1
5809 2
5810 0
5811 2
5812 0
5813 2
5814 0
5815 0
5816 1
5817 1
5818 1
5819 0
5820 1
5821 1
5822 1
5823 0
5824 1
5825 4
5826 0
5827 3
5828 0
5829 1
5830 2
5831 1
5832 0
5833 1
5834 1
5835 1
5836 0
5837 1
5838 0
5839 0
5840 0
5841 0
5842 2
5843 1
5844 1
5845 3
5846 1
5847 1
5848 2
5849 3
5850 2
5851 1
5852 0
5853 2
5854 2
5855 1
5856 0
5857 0
5858 0
5859 3
5860 2
5861 1
5862 0
5863 1
5864 3
5865 1
5866 0
5867 1
5868 0
5869 0
5870 0
5871 2
5872 0
5873 3
5874 1
5875 1
5876 1
5877 3
5878 0
5879 1
5880 0
5881 0
5882 3
5883 1
5884 2
5885 0
5886 1
5887 2
5888 1
5889 2
5890 0
5891 0
5892 0
5893 1
5894 1
5895 2
5896 0
5897 1
5898 3
5899 2
5900 3
5901 0
5902 0
5903 0
5904 1
5905 1
5906 2
5907 0
5908 0
5909 2
5910 0
5911 2
5912 0
5913 1
5914 1
5915 1
5916 1
5917 1
5918 0
5919 1
5920 0
5921 1
5922 2
5923 1
5924 1
5925 1
5926 1
5927 0
5928 1
5929 1
5930 1
5931 1
5932 0
5933 1
5934 2
5935 0
5936 0
5937 3
5938 6
5939 1
5940 2
5941 2
5942 0
5943 0
5944 0
5945 2
5946 4
5947 2
5948 0
5949 1
5950 1
5951 0
5952 2
5953 2
5954 1
5955 0
5956 2
5957 3
5958 4
5959 1
5960 0
5961 1
5962 1
5963 1
5964 1
5965 2
5966 2
5967 0
5968 1
5969 0
5970 4
5971 0
5972 1
5973 2
5974 3
5975 5
5976 2
5977 3
5978 1
5979 2
5980 4
5981 0
5982 1
5983 2
5984 2
5985 2
5986 2
5987 1
5988 1
5989 1
5990 0
5991 3
5992 0
5993 1
5994 3
5995 1
5996 2
5997 1
5998 1
5999 3
6000 1
6001 2
6002 1
6003 0
6004 0
6005 1
6006 1
6007 0
6008 1
6009 0
6010 2
6011 0
6012 1
6013 2
6014 3
6015 1
6016 1
6017 0
6018 0
6019 2
6020 1
6021 1
6022 3
6023 1
6024 2
6025 1
6026 0
6027 1
6028 0
6029 0
6030 1
6031 2
6032 0
6033 1
6034 1
6035 0
6036 1
6037 1
6038 1
6039 0
6040 0
6041 1
6042 1
6043 0
6044 1
6045 1
6046 3
6047 0
6048 2
6049 2
6050 1
6051 0
6052 2
6053 0
6054 4
6055 0
6056 2
6057 3
6058 1
6059 3
6060 1
6061 0
6062 1
6063 0
6064 4
6065 1
6066 1
6067 0
6068 0
6069 0
6070 2
6071 1
6072 1
6073 2
6074 1
6075 0
6076 1
6077 3
6078 2
6079 5
6080 2
6081 3
6082 1
6083 3
6084 4
6085 3
6086 1
6087 0
6088 1
6089 0
6090 0
6091 1
6092 2
6093 1
6094 0
6095 1
6096 0
6097 3
6098 1
6099 1
6100 1
6101 1
6102 0
6103 1
6104 1
6105 1
6106 2
6107 1
6108 3
6109 1
6110 1
6111 2
6112 0
6113 3
6114 0
6115 3
6116 4
6117 1
6118 5
6119 3
6120 3
6121 1
6122 2
6123 0
6124 1
6125 2
6126 1
6127 1
6128 1
6129 2
6130 2
6131 2
6132 1
6133 2
6134 0
6135 5
6136 2
6137 2
6138 0
6139 2
6140 0
6141 1
6142 2
6143 3
6144 2
6145 2
6146 0
6147 3
6148 3
6149 2
6150 0
6151 1
6152 2
6153 2
6154 2
6155 0
6156 0
6157 1
6158 2
6159 1
6160 4
6161 4
6162 2
6163 0
6164 2
6165 1
6166 0
6167 0
6168 0
6169 3
6170 1
6171 0
6172 1
6173 1
6174 1
6175 2
6176 3
6177 1
6178 1
6179 2
6180 0
6181 0
6182 3
6183 3
6184 0
6185 1
6186 0
6187 1
6188 0
6189 1
6190 1
6191 2
6192 1
6193 3
6194 1
6195 0
6196 2
6197 1
6198 1
6199 1
6200 0
6201 2
6202 2
6203 1
6204 1
6205 1
6206 1
6207 3
6208 0
6209 1
6210 0
6211 2
6212 0
6213 0
6214 1
6215 0
6216 1
6217 0
6218 2
6219 0
6220 1
6221 1
6222 1
6223 1
6224 1
6225 3
6226 1
6227 3
6228 3
6229 2
6230 1
6231 2
6232 2
6233 3
6234 1
6235 1
6236 1
6237 0
6238 1
6239 1
6240 1
6241 0
6242 0
6243 2
6244 1
6245 2
6246 1
6247 0
6248 0
6249 2
6250 1
6251 1
6252 3
6253 0
6254 3
6255 0
6256 1
6257 1
6258 4
6259 0
6260 2
6261 1
6262 1
6263 1
6264 3
6265 2
6266 2
6267 1
6268 2
6269 0
6270 3
6271 2
6272 2
6273 4
6274 1
6275 3
6276 1
6277 2
6278 2
6279 1
6280 1
6281 0
6282 1
6283 2
6284 1
6285 2
6286 3
6287 0
6288 0
6289 1
6290 1
6291 0
6292 0
6293 0
6294 1
6295 1
6296 2
6297 2
6298 1
6299 0
6300 2
6301 1
6302 3
6303 1
6304 0
6305 0
6306 0
6307 0
6308 1
6309 4
6310 0
6311 0
6312 1
6313 1
6314 0
6315 1
6316 0
6317 3
6318 0
6319 0
6320 1
6321 2
6322 2
6323 2
6324 0
6325 2
6326 2
6327 2
6328 2
6329 1
6330 0
6331 2
6332 1
6333 1
6334 0
6335 0
6336 2
6337 0
6338 1
6339 0
6340 1
6341 0
6342 4
6343 2
6344 2
6345 1
6346 2
6347 0
6348 1
6349 1
6350 2
6351 1
6352 1
6353 1
6354 2
6355 1
6356 2
6357 0
6358 0
6359 1
6360 0
6361 0
6362 0
6363 1
6364 0
6365 2
6366 4
6367 2
6368 1
6369 2
6370 4
6371 1
6372 1
6373 1
6374 1
6375 1
6376 1
6377 2
6378 1
6379 0
6380 1
6381 4
6382 2
6383 1
6384 3
6385 1
6386 1
6387 0
6388 1
6389 1
6390 0
6391 1
6392 1
6393 0
6394 0
6395 2
6396 0
6397 1
6398 2
6399 2
6400 1
6401 3
6402 3
6403 0
6404 0
6405 1
6406 0
6407 1
6408 0
6409 2
6410 0
6411 0
6412 0
6413 0
6414 0
6415 0
6416 2
6417 3
6418 1
6419 1
6420 1
6421 2
6422 3
6423 1
6424 0
6425 1
6426 0
6427 0
6428 1
6429 1
6430 1
6431 0
6432 1
6433 0
6434 1
6435 3
6436 1
6437 1
6438 0
6439 0
6440 0
6441 0
6442 0
6443 1
6444 2
6445 0
6446 1
6447 0
6448 1
6449 0
6450 4
6451 2
6452 0
6453 0
6454 1
6455 1
6456 0
6457 2
6458 3
6459 0
6460 2
6461 4
6462 0
6463 2
6464 1
6465 1
6466 3
6467 4
6468 2
6469 0
6470 0
6471 1
6472 1
6473 1
6474 0
6475 3
6476 2
6477 3
6478 0
6479 4
6480 1
6481 2
6482 0
6483 1
6484 0
6485 2
6486 1
6487 1
6488 1
6489 0
6490 0
6491 0
6492 1
6493 1
6494 1
6495 1
6496 2
6497 1
6498 2
6499 0
6500 2
6501 1
6502 1
6503 0
6504 0
6505 2
6506 1
6507 2
6508 3
6509 2
6510 1
6511 3
6512 0
6513 2
6514 1
6515 0
6516 2
6517 1
6518 1
6519 0
6520 0
6521 2
6522 2
6523 0
6524 0
6525 0
6526 2
6527 0
6528 1
6529 0
6530 4
6531 3
6532 0
6533 1
6534 1
6535 1
6536 2
6537 1
6538 0
6539 0
6540 0
6541 1
6542 0
6543 0
6544 0
6545 0
6546 1
6547 1
6548 1
6549 2
6550 1
6551 4
6552 2
6553 1
6554 1
6555 0
6556 1
6557 1
6558 0
6559 1
6560 0
6561 0
6562 1
6563 0
6564 0
6565 0
6566 0
6567 1
6568 1
6569 1
6570 1
6571 1
6572 2
6573 1
6574 2
6575 1
6576 1
6577 1
6578 2
6579 5
6580 0
6581 0
6582 1
6583 0
6584 0
6585 1
6586 2
6587 2
6588 1
6589 0
6590 2
6591 2
6592 2
6593 1
6594 2
6595 1
6596 0
6597 2
6598 0
6599 0
6600 1
6601 1
6602 1
6603 1
6604 1
6605 2
6606 1
6607 0
6608 0
6609 1
6610 0
6611 1
6612 3
6613 0
6614 0
6615 1
6616 1
6617 0
6618 0
6619 1
6620 1
6621 1
6622 2
6623 2
6624 3
6625 0
6626 1
6627 0
6628 1
6629 1
6630 0
6631 1
6632 0
6633 1
6634 1
6635 5
6636 0
6637 2
6638 0
6639 2
6640 0
6641 1
6642 0
6643 0
6644 0
6645 1
6646 1
6647 1
6648 0
6649 1
6650 1
6651 1
6652 1
6653 2
6654 0
6655 2
6656 1
6657 2
6658 2
6659 1
6660 2
6661 0
6662 1
6663 4
6664 1
6665 3
6666 1
6667 0
6668 0
6669 2
6670 1
6671 2
6672 1
6673 1
6674 4
6675 1
6676 1
6677 3
6678 1
6679 2
6680 0
6681 1
6682 2
6683 0
6684 0
6685 2
6686 0
6687 0
6688 2
6689 1
6690 0
6691 2
6692 0
6693 3
6694 2
6695 4
6696 1
6697 1
6698 0
6699 0
6700 0
6701 0
6702 1
6703 4
6704 2
6705 2
6706 1
6707 0
6708 0
6709 2
6710 0
6711 0
6712 1
6713 1
6714 5
6715 0
6716 1
6717 2
6718 2
6719 2
6720 4
6721 2
6722 2
6723 2
6724 0
6725 2
6726 1
6727 5
6728 0
6729 4
6730 2
6731 0
6732 0
6733 0
6734 0
6735 1
6736 1
6737 6
6738 2
6739 3
6740 1
6741 2
6742 4
6743 0
6744 0
6745 3
6746 0
6747 0
6748 2
6749 0
6750 0
6751 2
6752 1
6753 1
6754 2
6755 4
6756 0
6757 1
6758 0
6759 3
6760 0
6761 2
6762 2
6763 3
6764 2
6765 1
6766 0
6767 2
6768 4
6769 1
6770 2
6771 0
6772 0
6773 0
6774 1
6775 1
6776 0
6777 0
6778 0
6779 1
6780 0
6781 1
6782 1
6783 1
6784 2
6785 0
6786 0
6787 1
6788 0
6789 1
6790 0
6791 0
6792 4
6793 0
6794 0
6795 1
6796 1
6797 3
6798 2
6799 0
6800 2
6801 0
6802 0
6803 1
6804 1
6805 2
6806 0
6807 1
6808 0
6809 0
6810 3
6811 2
6812 2
6813 1
6814 3
6815 0
6816 0
6817 3
6818 1
6819 2
6820 2
6821 1
6822 1
6823 1
6824 0
6825 2
6826 2
6827 2
6828 0
6829 5
6830 0
6831 0
6832 0
6833 1
6834 1
6835 1
6836 2
6837 1
6838 0
6839 1
6840 2
6841 2
6842 0
6843 2
6844 2
6845 2
6846 1
6847 0
6848 0
6849 0
6850 1
6851 1
6852 1
6853 0
6854 2
6855 1
6856 0
6857 0
6858 1
6859 0
6860 2
6861 0
6862 0
6863 1
6864 2
6865 0
6866 2
6867 2
6868 2
6869 1
6870 1
6871 0
6872 1
6873 0
6874 0
6875 0
6876 0
6877 0
6878 0
6879 1
6880 2
6881 1
6882 2
6883 1
6884 3
6885 0
6886 1
6887 0
6888 4
6889 2
6890 1
6891 0
6892 0
6893 0
6894 0
6895 1
6896 2
6897 2
6898 3
6899 0
6900 2
6901 2
6902 0
6903 0
6904 3
6905 0
6906 1
6907 3
6908 1
6909 3
6910 0
6911 3
6912 0
6913 4
6914 3
6915 0
6916 2
6917 2
6918 1
6919 2
6920 2
6921 1
6922 0
6923 1
6924 0
6925 1
6926 1
6927 0
6928 1
6929 0
6930 0
6931 0
6932 2
6933 1
6934 0
6935 1
6936 2
6937 0
6938 1
6939 1
6940 0
6941 0
6942 2
6943 4
6944 1
6945 0
6946 1
6947 0
6948 1
6949 2
6950 2
6951 1
6952 1
6953 1
6954 1
6955 0
6956 1
6957 0
6958 2
6959 0
6960 1
6961 1
6962 2
6963 1
6964 1
6965 0
6966 0
6967 1
6968 0
6969 2
6970 0
6971 0
6972 2
6973 1
6974 0
6975 2
6976 2
6977 1
6978 0
6979 0
6980 1
6981 1
6982 2
6983 2
6984 3
6985 1
6986 4
6987 0
6988 3
6989 0
6990 1
6991 0
6992 2
6993 0
6994 0
6995 2
6996 1
6997 0
6998 0
6999 0
7000 2
7001 2
7002 1
7003 0
7004 0
7005 1
7006 0
7007 1
7008 1
7009 0
7010 0
7011 0
7012 0
7013 1
7014 0
7015 2
7016 0
7017 2
7018 1
7019 3
7020 3
7021 0
7022 2
7023 1
7024 2
7025 1
7026 0
7027 1
7028 1
7029 1
7030 1
7031 2
7032 0
7033 0
7034 1
7035 1
7036 0
7037 3
7038 1
7039 2
7040 1
7041 3
7042 0
7043 2
7044 0
7045 0
7046 1
7047 1
7048 0
7049 2
7050 1
7051 0
7052 2
7053 4
7054 0
7055 1
7056 1
7057 1
7058 1
7059 1
7060 0
7061 2
7062 3
7063 0
7064 2
7065 3
7066 1
7067 0
7068 0
7069 1
7070 1
7071 1
7072 1
7073 1
7074 0
7075 1
7076 2
7077 0
7078 2
7079 0
7080 1
7081 2
7082 0
7083 1
7084 1
7085 0
7086 2
7087 0
7088 0
7089 3
7090 1
7091 3
7092 1
7093 0
7094 0
7095 0
7096 0
7097 0
7098 0
7099 1
7100 4
7101 0
7102 0
7103 4
7104 1
7105 1
7106 2
7107 1
7108 3
7109 1
7110 0
7111 0
7112 2
7113 1
7114 1
7115 1
7116 2
7117 0
7118 0
7119 1
7120 0
7121 0
7122 1
7123 0
7124 0
7125 3
7126 0
7127 0
7128 0
7129 1
7130 2
7131 0
7132 1
7133 0
7134 0
7135 0
7136 4
7137 0
7138 3
7139 1
7140 1
7141 2
7142 3
7143 3
7144 2
7145 0
7146 2
7147 1
7148 2
7149 2
7150 0
7151 0
7152 1
7153 0
7154 2
7155 3
7156 0
7157 2
7158 1
7159 1
7160 0
7161 1
7162 1
7163 2
7164 2
7165 2
7166 0
7167 3
7168 0
7169 2
7170 0
7171 0
7172 1
7173 0
7174 0
7175 0
7176 2
7177 2
7178 3
7179 2
7180 2
7181 0
7182 2
7183 0
7184 0
7185 0
7186 0
7187 1
7188 1
7189 1
7190 1
7191 1
7192 4
7193 1
7194 2
7195 0
7196 0
7197 3
7198 0
7199 1
7200 0
7201 0
7202 1
7203 0
7204 2
7205 1
7206 1
7207 2
7208 3
7209 1
7210 1
7211 4
7212 1
7213 1
7214 3
7215 1
7216 2
7217 1
7218 1
7219 2
7220 1
7221 0
7222 2
7223 3
7224 1
7225 0
7226 0
7227 1
7228 3
7229 1
7230 1
7231 1
7232 2
7233 0
7234 1
7235 1
7236 1
7237 0
7238 3
7239 2
7240 0
7241 1
7242 2
7243 1
7244 1
7245 0
7246 1
7247 3
7248 0
7249 0
7250 0
7251 0
7252 0
7253 3
7254 2
7255 2
7256 1
7257 2
7258 0
7259 1
7260 0
7261 0
7262 2
7263 1
7264 2
7265 0
7266 0
7267 0
7268 0
7269 1
7270 0
7271 1
7272 0
7273 0
7274 2
7275 3
7276 0
7277 0
7278 0
7279 3
7280 0
7281 0
7282 0
7283 2
7284 3
7285 2
7286 1
7287 0
7288 3
7289 1
7290 1
7291 1
7292 0
7293 0
7294 1
7295 2
7296 1
7297 1
7298 1
7299 2
7300 1
7301 0
7302 2
7303 1
7304 0
7305 1
7306 3
7307 1
7308 2
7309 1
7310 1
7311 0
7312 0
7313 2
7314 1
7315 1
7316 1
7317 2
7318 1
7319 0
7320 1
7321 1
7322 1
7323 0
7324 1
7325 1
7326 0
7327 0
7328 0
7329 1
7330 1
7331 1
7332 2
7333 1
7334 2
7335 0
7336 1
7337 3
7338 1
7339 1
7340 3
7341 1
7342 0
7343 0
7344 3
7345 2
7346 1
7347 2
7348 2
7349 1
7350 1
7351 0
7352 2
7353 1
7354 2
7355 1
7356 0
7357 1
7358 1
7359 1
7360 0
7361 2
7362 1
7363 5
7364 0
7365 4
7366 2
7367 0
7368 2
7369 2
7370 1
7371 2
7372 1
7373 1
7374 1
7375 1
7376 0
7377 1
7378 2
7379 1
7380 1
7381 0
7382 0
7383 3
7384 1
7385 3
7386 0
7387 1
7388 0
7389 0
7390 4
7391 0
7392 1
7393 1
7394 0
7395 2
7396 1
7397 1
7398 1
7399 0
7400 1
7401 0
7402 1
7403 3
7404 1
7405 1
7406 1
7407 2
7408 0
7409 2
7410 0
7411 0
7412 2
7413 2
7414 0
7415 0
7416 1
7417 2
7418 3
7419 2
7420 1
7421 1
7422 0
7423 0
7424 1
7425 1
7426 0
7427 3
7428 1
7429 1
7430 0
7431 3
7432 0
7433 4
7434 0
7435 3
7436 3
7437 0
7438 3
7439 3
7440 0
7441 2
7442 1
7443 0
7444 0
7445 1
7446 0
7447 1
7448 1
7449 2
7450 1
7451 1
7452 0
7453 1
7454 0
7455 1
7456 0
7457 2
7458 0
7459 0
7460 2
7461 1
7462 1
7463 1
7464 0
7465 1
7466 2
7467 0
7468 2
7469 1
7470 0
7471 0
7472 1
7473 3
7474 1
7475 0
7476 3
7477 1
7478 3
7479 1
7480 1
7481 1
7482 1
7483 3
7484 1
7485 1
7486 1
7487 1
7488 0
7489 0
7490 1
7491 1
7492 0
7493 1
7494 0
7495 1
7496 1
7497 2
7498 2
7499 0
7500 0
7501 5
7502 0
7503 0
7504 3
7505 3
7506 1
7507 0
7508 1
7509 1
7510 2
7511 0
7512 1
7513 2
7514 1
7515 0
7516 1
7517 0
7518 2
7519 0
7520 1
7521 0
7522 1
7523 2
7524 0
7525 4
7526 3
7527 2
7528 1
7529 2
7530 2
7531 0
7532 0
7533 3
7534 1
7535 1
7536 1
7537 2
7538 2
7539 2
7540 2
7541 1
7542 1
7543 2
7544 2
7545 1
7546 1
7547 0
7548 1
7549 1
7550 4
7551 1
7552 0
7553 0
7554 3
7555 2
7556 3
7557 0
7558 0
7559 1
7560 2
7561 0
7562 2
7563 3
7564 0
7565 1
7566 0
7567 0
7568 0
7569 4
7570 2
7571 2
7572 2
7573 0
7574 0
7575 0
7576 1
7577 3
7578 3
7579 0
7580 2
7581 0
7582 2
7583 2
7584 1
7585 2
7586 1
7587 2
7588 4
7589 0
7590 2
7591 1
7592 1
7593 0
7594 2
7595 3
7596 4
7597 1
7598 6
7599 0
7600 3
7601 0
7602 1
7603 1
7604 2
7605 0
7606 4
7607 0
7608 1
7609 1
7610 2
7611 1
7612 2
7613 1
7614 2
7615 0
7616 1
7617 1
7618 2
7619 0
7620 0
7621 1
7622 0
7623 1
7624 3
7625 0
7626 2
7627 1
7628 0
7629 1
7630 0
7631 0
7632 1
7633 2
7634 1
7635 0
7636 1
7637 0
7638 2
7639 0
7640 1
7641 2
7642 1
7643 1
7644 2
7645 0
7646 1
7647 4
7648 1
7649 1
7650 1
7651 0
7652 0
7653 1
7654 0
7655 1
7656 1
7657 1
7658 2
7659 1
7660 2
7661 0
7662 0
7663 2
7664 2
7665 0
7666 0
7667 2
7668 2
7669 0
7670 1
7671 2
7672 2
7673 0
7674 3
7675 0
7676 4
7677 0
7678 0
7679 1
7680 1
7681 1
7682 5
7683 1
7684 1
7685 2
7686 1
7687 0
7688 3
7689 2
7690 1
7691 1
7692 1
7693 0
7694 1
7695 1
7696 1
7697 0
7698 0
7699 2
7700 2
7701 0
7702 0
7703 3
7704 1
7705 0
7706 2
7707 0
7708 1
7709 0
7710 1
7711 2
7712 0
7713 1
7714 1
7715 0
7716 0
7717 1
7718 0
7719 1
7720 1
7721 0
7722 4
7723 3
7724 2
7725 2
7726 3
7727 1
7728 1
7729 2
7730 2
7731 0
7732 0
7733 4
7734 1
7735 1
7736 1
7737 1
7738 1
7739 1
7740 1
7741 2
7742 0
7743 1
7744 2
7745 2
7746 2
7747 0
7748 0
7749 1
7750 0
7751 3
7752 2
7753 1
7754 3
7755 0
7756 2
7757 0
7758 2
7759 1
7760 2
7761 0
7762 1
7763 1
7764 1
7765 2
7766 2
7767 1
7768 3
7769 3
7770 1
7771 0
7772 0
7773 2
7774 0
7775 0
7776 0
7777 0
7778 0
7779 2
7780 2
7781 1
7782 1
7783 2
7784 0
7785 0
7786 0
7787 1
7788 0
7789 0
7790 1
7791 3
7792 1
7793 1
7794 0
7795 0
7796 2
7797 1
7798 0
7799 0
7800 2
7801 0
7802 2
7803 0
7804 1
7805 0
7806 2
7807 2
7808 0
7809 1
7810 0
7811 1
7812 1
7813 0
7814 2
7815 1
7816 1
7817 0
7818 0
7819 3
7820 1
7821 1
7822 1
7823 1
7824 1
7825 0
7826 2
7827 1
7828 3
7829 1
7830 1
7831 3
7832 1
7833 1
7834 1
7835 1
7836 0
7837 2
7838 0
7839 0
7840 0
7841 1
7842 0
7843 1
7844 2
7845 2
7846 2
7847 0
7848 2
7849 0
7850 1
7851 1
7852 0
7853 2
7854 3
7855 1
7856 4
7857 0
7858 4
7859 1
7860 1
7861 0
7862 1
7863 1
7864 2
7865 1
7866 3
7867 0
7868 1
7869 2
7870 2
7871 1
7872 0
7873 0
7874 2
7875 2
7876 2
7877 3
7878 2
7879 3
7880 1
7881 1
7882 3
7883 1
7884 2
7885 0
7886 0
7887 1
7888 3
7889 0
7890 0
7891 2
7892 1
7893 0
7894 1
7895 1
7896 2
7897 1
7898 1
7899 1
7900 0
7901 1
7902 2
7903 0
7904 0
7905 1
7906 0
7907 2
7908 2
7909 1
7910 2
7911 1
7912 0
7913 1
7914 0
7915 2
7916 3
7917 2
7918 1
7919 0
7920 0
7921 3
7922 0
7923 0
7924 1
7925 2
7926 2
7927 1
7928 0
7929 0
7930 0
7931 1
7932 0
7933 0
7934 2
7935 1
7936 1
7937 1
7938 2
7939 2
7940 1
7941 2
7942 0
7943 1
7944 2
7945 0
7946 3
7947 3
7948 0
7949 1
7950 1
7951 1
7952 0
7953 1
7954 0
7955 0
7956 0
7957 3
7958 0
7959 2
7960 0
7961 1
7962 0
7963 4
7964 1
7965 1
7966 1
7967 0
7968 0
7969 3
7970 1
7971 2
7972 2
7973 2
7974 1
7975 1
7976 2
7977 2
7978 0
7979 0
7980 0
7981 2
7982 1
7983 1
7984 0
7985 1
7986 0
7987 2
7988 1
7989 1
7990 1
7991 0
7992 0
7993 1
7994 0
7995 2
7996 1
7997 1
7998 1
7999 3
8000 0
8001 1
8002 2
8003 1
8004 0
8005 1
8006 1
8007 2
8008 0
8009 2
8010 0
8011 2
8012 0
8013 0
8014 0
8015 0
8016 0
8017 0
8018 1
8019 0
8020 2
8021 0
8022 2
8023 0
8024 1
8025 2
8026 0
8027 0
8028 0
8029 0
8030 1
8031 0
8032 1
8033 0
8034 4
8035 0
8036 1
8037 0
8038 0
8039 1
8040 0
8041 0
8042 1
8043 0
8044 1
8045 0
8046 0
8047 0
8048 3
8049 1
8050 0
8051 0
8052 0
8053 1
8054 2
8055 0
8056 0
8057 1
8058 0
8059 1
8060 0
8061 1
8062 0
8063 2
8064 0
8065 0
8066 0
8067 0
8068 1
8069 0
8070 1
8071 0
8072 0
8073 1
8074 0
8075 2
8076 0
8077 0
8078 1
8079 0
8080 3
8081 0
8082 2
8083 0
8084 1
8085 1
8086 1
8087 0
8088 1
8089 2
8090 1
8091 0
8092 2
8093 0
8094 0
8095 0
8096 0
8097 2
8098 2
8099 2
8100 0
8101 1
8102 2
8103 3
8104 3
8105 0
8106 2
8107 1
8108 1
8109 0
8110 0
8111 3
8112 0
8113 0
8114 2
8115 1
8116 1
8117 0
8118 0
8119 0
8120 2
8121 0
8122 0
8123 0
8124 3
8125 0
8126 2
8127 1
8128 0
8129 1
8130 1
8131 2
8132 0
8133 1
8134 2
8135 2
8136 0
8137 0
8138 1
8139 1
8140 1
8141 4
8142 1
8143 2
8144 1
8145 1
8146 1
8147 1
8148 1
8149 1
8150 1
8151 2
8152 0
8153 1
8154 0
8155 0
8156 1
8157 0
8158 0
8159 2
8160 0
8161 1
8162 0
8163 0
8164 1
8165 1
8166 3
8167 4
8168 2
8169 2
8170 3
8171 1
8172 0
8173 0
8174 0
8175 1
8176 0
8177 2
8178 3
8179 2
8180 0
8181 1
8182 1
8183 1
8184 1
8185 0
8186 0
8187 7
8188 4
8189 1
8190 0
8191 0
8192 1
8193 0
8194 1
8195 2
8196 1
8197 1
8198 2
8199 0
8200 1
8201 1
8202 1
8203 1
8204 0
8205 3
8206 0
8207 1
8208 2
8209 0
8210 0
8211 0
8212 2
8213 3
8214 1
8215 1
8216 1
8217 1
8218 2
8219 3
8220 0
8221 1
8222 0
8223 2
8224 0
8225 2
8226 1
8227 0
8228 0
8229 1
8230 1
8231 3
8232 0
8233 2
8234 1
8235 2
8236 0
8237 0
8238 1
8239 2
8240 0
8241 1
8242 0
8243 2
8244 0
8245 2
8246 2
8247 2
8248 2
8249 1
8250 0
8251 0
8252 3
8253 0
8254 0
8255 2
8256 2
8257 0
8258 2
8259 0
8260 5
8261 3
8262 1
8263 1
8264 1
8265 1
8266 2
8267 1
8268 1
8269 1
8270 3
8271 0
8272 1
8273 0
8274 0
8275 2
8276 2
8277 1
8278 0
8279 2
8280 2
8281 1
8282 0
8283 1
8284 2
8285 3
8286 3
8287 0
8288 1
8289 0
8290 0
8291 1
8292 1
8293 5
8294 0
8295 2
8296 1
8297 4
8298 0
8299 1
8300 0
8301 0
8302 0
8303 1
8304 0
8305 1
8306 0
8307 0
8308 0
8309 1
8310 2
8311 2
8312 3
8313 3
8314 1
8315 1
8316 0
8317 2
8318 1
8319 0
8320 2
8321 0
8322 2
8323 1
8324 0
8325 1
8326 4
8327 1
8328 2
8329 1
8330 2
8331 3
8332 3
8333 2
8334 1
8335 1
8336 0
8337 1
8338 0
8339 0
8340 1
8341 1
8342 0
8343 1
8344 0
8345 1
8346 0
8347 2
8348 0
8349 1
8350 2
8351 3
8352 1
8353 3
8354 3
8355 2
8356 3
8357 0
8358 0
8359 3
8360 2
8361 1
8362 2
8363 0
8364 2
8365 4
8366 3
8367 3
8368 0
8369 3
8370 1
8371 1
8372 0
8373 2
8374 0
8375 2
8376 0
8377 1
8378 1
8379 1
8380 4
8381 3
8382 1
8383 2
8384 2
8385 1
8386 0
8387 1
8388 0
8389 0
8390 1
8391 2
8392 1
8393 1
8394 0
8395 3
8396 2
8397 0
8398 1
8399 0
8400 0
8401 1
8402 0
8403 2
8404 1
8405 1
8406 0
8407 1
8408 1
8409 1
8410 2
8411 1
8412 0
8413 3
8414 2
8415 3
8416 1
8417 2
8418 1
8419 0
8420 1
8421 1
8422 0
8423 1
8424 0
8425 1
8426 0
8427 1
8428 0
8429 1
8430 0
8431 2
8432 4
8433 0
8434 0
8435 1
8436 0
8437 0
8438 2
8439 1
8440 1
8441 2
8442 2
8443 1
8444 1
8445 0
8446 2
8447 2
8448 2
8449 2
8450 3
8451 2
8452 0
8453 1
8454 0
8455 3
8456 1
8457 1
8458 0
8459 0
8460 1
8461 1
8462 0
8463 0
8464 2
8465 1
8466 1
8467 1
8468 1
8469 2
8470 0
8471 1
8472 1
8473 1
8474 1
8475 1
8476 3
8477 1
8478 1
8479 0
8480 4
8481 1
8482 0
8483 2
8484 2
8485 0
8486 0
8487 0
8488 0
8489 1
8490 0
8491 1
8492 1
8493 0
8494 0
8495 1
8496 0
8497 2
8498 3
8499 1
8500 1
8501 1
8502 1
8503 1
8504 1
8505 0
8506 1
8507 0
8508 3
8509 4
8510 0
8511 0
8512 2
8513 3
8514 2
8515 2
8516 1
8517 0
8518 2
8519 2
8520 1
8521 0
8522 3
8523 1
8524 2
8525 3
8526 0
8527 2
8528 0
8529 1
8530 2
8531 2
8532 1
8533 2
8534 1
8535 3
8536 2
8537 1
8538 1
8539 2
8540 0
8541 0
8542 1
8543 0
8544 1
8545 1
8546 0
8547 0
8548 1
8549 2
8550 1
8551 0
8552 0
8553 2
8554 1
8555 1
8556 3
8557 1
8558 1
8559 1
8560 2
8561 2
8562 1
8563 0
8564 1
8565 0
8566 0
8567 2
8568 0
8569 3
8570 1
8571 0
8572 1
8573 0
8574 0
8575 2
8576 0
8577 1
8578 0
8579 2
8580 1
8581 1
8582 1
8583 1
8584 1
8585 1
8586 0
8587 0
8588 1
8589 1
8590 1
8591 0
8592 2
8593 2
8594 1
8595 2
8596 2
8597 0
8598 1
8599 1
8600 1
8601 0
8602 1
8603 1
8604 0
8605 1
8606 1
8607 2
8608 3
8609 3
8610 1
8611 0
8612 2
8613 0
8614 2
8615 0
8616 1
8617 0
8618 0
8619 0
8620 3
8621 1
8622 1
8623 1
8624 0
8625 2
8626 2
8627 1
8628 2
8629 0
8630 1
8631 2
8632 0
8633 1
8634 1
8635 0
8636 0
8637 2
8638 0
8639 1
8640 2
8641 0
8642 1
8643 1
8644 0
8645 0
8646 1
8647 0
8648 0
8649 2
8650 3
8651 1
8652 0
8653 1
8654 1
8655 2
8656 0
8657 3
8658 0
8659 0
8660 0
8661 1
8662 1
8663 0
8664 1
8665 1
8666 1
8667 3
8668 0
8669 2
8670 1
8671 1
8672 0
8673 3
8674 1
8675 0
8676 1
8677 3
8678 1
8679 1
8680 0
8681 0
8682 1
8683 2
8684 1
8685 1
8686 1
8687 2
8688 0
8689 1
8690 1
8691 1
8692 1
8693 0
8694 1
8695 1
8696 2
8697 2
8698 0
8699 3
8700 1
8701 3
8702 1
8703 4
8704 3
8705 1
8706 1
8707 3
8708 0
8709 2
8710 2
8711 1
8712 3
8713 0
8714 1
8715 0
8716 0
8717 1
8718 1
8719 3
8720 0
8721 1
8722 3
8723 0
8724 0
8725 4
8726 0
8727 1
8728 2
8729 0
8730 1
8731 0
8732 2
8733 1
8734 0
8735 0
8736 0
8737 1
8738 0
8739 1
8740 1
8741 0
8742 0
8743 3
8744 3
8745 0
8746 1
8747 1
8748 1
8749 1
8750 0
8751 0
8752 0
8753 0
8754 0
8755 0
8756 0
8757 3
8758 1
8759 1
8760 0
8761 1
8762 2
8763 0
8764 0
8765 0
8766 1
8767 2
8768 1
8769 1
8770 1
8771 0
8772 1
8773 2
8774 3
8775 1
8776 2
8777 0
8778 2
8779 1
8780 1
8781 0
8782 2
8783 2
8784 0
8785 4
8786 1
8787 0
8788 2
8789 0
8790 1
8791 1
8792 1
8793 3
8794 2
8795 2
8796 1
8797 3
8798 0
8799 2
8800 3
8801 2
8802 1
8803 0
8804 2
8805 0
8806 0
8807 2
8808 2
8809 1
8810 0
8811 0
8812 1
8813 1
8814 4
8815 0
8816 0
8817 3
8818 3
8819 0
8820 3
8821 2
8822 1
8823 2
8824 0
8825 2
8826 1
8827 1
8828 1
8829 2
8830 0
8831 2
8832 1
8833 3
8834 1
8835 1
8836 2
8837 0
8838 1
8839 0
8840 1
8841 0
8842 1
8843 1
8844 0
8845 1
8846 2
8847 1
8848 0
8849 1
8850 0
8851 1
8852 2
8853 0
8854 2
8855 0
8856 2
8857 0
8858 0
8859 2
8860 1
8861 1
8862 0
8863 1
8864 2
8865 0
8866 1
8867 1
8868 1
8869 1
8870 0
8871 0
8872 0
8873 2
8874 1
8875 0
8876 1
8877 0
8878 6
8879 2
8880 1
8881 0
8882 1
8883 1
8884 0
8885 0
8886 3
8887 0
8888 1
8889 2
8890 2
8891 2
8892 1
8893 3
8894 2
8895 2
8896 1
8897 2
8898 0
8899 3
8900 1
8901 1
8902 1
8903 3
8904 3
8905 0
8906 1
8907 0
8908 2
8909 0
8910 4
8911 0
8912 1
8913 2
8914 1
8915 1
8916 0
8917 1
8918 1
8919 1
8920 3
8921 0
8922 0
8923 3
8924 1
8925 1
8926 2
8927 0
8928 2
8929 0
8930 1
8931 3
8932 2
8933 0
8934 0
8935 1
8936 1
8937 0
8938 0
8939 2
8940 3
8941 1
8942 1
8943 2
8944 1
8945 3
8946 0
8947 1
8948 0
8949 1
8950 0
8951 3
8952 3
8953 2
8954 0
8955 0
8956 0
8957 2
8958 1
8959 3
8960 4
8961 0
8962 0
8963 1
8964 1
8965 3
8966 0
8967 1
8968 1
8969 0
8970 0
8971 2
8972 0
8973 5
8974 4
8975 0
8976 2
8977 0
8978 2
8979 1
8980 1
8981 1
8982 1
8983 0
8984 2
8985 2
8986 2
8987 2
8988 4
8989 5
8990 1
8991 1
8992 0
8993 1
8994 2
8995 1
8996 3
8997 0
8998 1
8999 1
9000 1
9001 0
9002 1
9003 1
9004 1
9005 1
9006 0
9007 0
9008 0
9009 0
9010 2
9011 1
9012 0
9013 2
9014 1
9015 1
9016 2
9017 1
9018 0
9019 0
9020 4
9021 2
9022 1
9023 0
9024 2
9025 2
9026 0
9027 1
9028 0
9029 1
9030 2
9031 2
9032 1
9033 2
9034 0
9035 2
9036 1
9037 0
9038 1
9039 1
9040 0
9041 1
9042 2
9043 2
9044 0
9045 1
9046 1
9047 1
9048 2
9049 0
9050 0
9051 0
9052 0
9053 0
9054 2
9055 2
9056 0
9057 1
9058 1
9059 1
9060 0
9061 1
9062 0
9063 1
9064 1
9065 1
9066 3
9067 0
9068 1
9069 0
9070 1
9071 2
9072 1
9073 2
9074 0
9075 2
9076 0
9077 1
9078 1
9079 5
9080 1
9081 1
9082 1
9083 1
9084 0
9085 1
9086 2
9087 1
9088 3
9089 1
9090 0
9091 0
9092 3
9093 1
9094 2
9095 1
9096 2
9097 1
9098 1
9099 1
9100 2
9101 1
9102 1
9103 4
9104 1
9105 1
9106 0
9107 0
9108 2
9109 2
9110 1
9111 1
9112 0
9113 0
9114 0
9115 2
9116 0
9117 2
9118 2
9119 1
9120 0
9121 1
9122 0
9123 1
9124 1
9125 0
9126 4
9127 1
9128 0
9129 0
9130 0
9131 0
9132 1
9133 0
9134 2
9135 1
9136 0
9137 0
9138 2
9139 4
9140 1
9141 0
9142 0
9143 1
9144 0
9145 2
9146 0
9147 1
9148 1
9149 3
9150 1
9151 1
9152 0
9153 1
9154 2
9155 1
9156 1
9157 2
9158 1
9159 1
9160 1
9161 1
9162 0
9163 0
9164 1
9165 1
9166 1
9167 0
9168 1
9169 0
9170 0
9171 0
9172 0
9173 1
9174 2
9175 0
9176 0
9177 1
9178 1
9179 2
9180 0
9181 1
9182 3
9183 2
9184 1
9185 0
9186 2
9187 1
9188 2
9189 1
9190 0
9191 0
9192 0
9193 0
9194 2
9195 0
9196 0
9197 1
9198 0
9199 3
9200 1
9201 0
9202 0
9203 1
9204 0
9205 2
9206 1
9207 1
9208 0
9209 1
9210 1
9211 1
9212 0
9213 0
9214 3
9215 0
9216 0
9217 0
9218 0
9219 1
9220 1
9221 2
9222 0
9223 3
9224 2
9225 1
9226 0
9227 2
9228 1
9229 2
9230 2
9231 0
9232 0
9233 1
9234 0
9235 2
9236 1
9237 1
9238 1
9239 0
9240 1
9241 1
9242 0
9243 1
9244 1
9245 3
9246 4
9247 3
9248 3
9249 1
9250 2
9251 3
9252 1
9253 1
9254 0
9255 0
9256 0
9257 0
9258 3
9259 0
9260 3
9261 2
9262 0
9263 1
9264 2
9265 1
9266 1
9267 3
9268 1
9269 2
9270 3
9271 0
9272 0
9273 1
9274 1
9275 1
9276 6
9277 2
9278 0
9279 1
9280 1
9281 1
9282 3
9283 0
9284 0
9285 0
9286 0
9287 1
9288 3
9289 0
9290 2
9291 1
9292 1
9293 2
9294 1
9295 2
9296 0
9297 1
9298 1
9299 1
9300 0
9301 0
9302 1
9303 1
9304 1
9305 2
9306 2
9307 2
9308 1
9309 0
9310 3
9311 0
9312 2
9313 1
9314 0
9315 1
9316 0
9317 1
9318 2
9319 3
9320 2
9321 3
9322 1
9323 0
9324 2
9325 1
9326 2
9327 1
9328 0
9329 2
9330 0
9331 0
9332 0
9333 1
9334 2
9335 3
9336 2
9337 3
9338 0
9339 3
9340 2
9341 4
9342 3
9343 2
9344 2
9345 5
9346 2
9347 0
9348 1
9349 1
9350 1
9351 2
9352 0
9353 1
9354 1
9355 0
9356 0
9357 3
9358 0
9359 2
9360 1
9361 1
9362 3
9363 2
9364 1
9365 0
9366 1
9367 1
9368 1
9369 1
9370 0
9371 0
9372 2
9373 2
9374 2
9375 0
9376 0
9377 1
9378 0
9379 0
9380 1
9381 1
9382 1
9383 2
9384 2
9385 1
9386 2
9387 0
9388 1
9389 0
9390 1
9391 0
9392 1
9393 0
9394 0
9395 0
9396 0
9397 2
9398 4
9399 0
9400 0
9401 2
9402 0
9403 0
9404 1
9405 1
9406 2
9407 2
9408 0
9409 2
9410 1
9411 3
9412 0
9413 2
9414 0
9415 0
9416 0
9417 2
9418 0
9419 0
9420 1
9421 0
9422 1
9423 3
9424 1
9425 1
9426 1
9427 1
9428 2
9429 1
9430 2
9431 2
9432 0
9433 0
9434 1
9435 2
9436 2
9437 2
9438 0
9439 1
9440 0
9441 1
9442 1
9443 0
9444 3
9445 0
9446 1
9447 0
9448 1
9449 1
9450 3
9451 3
9452 2
9453 1
9454 2
9455 2
9456 1
9457 3
9458 2
9459 0
9460 1
9461 0
9462 4
9463 0
9464 1
9465 4
9466 3
9467 2
9468 1
9469 3
9470 1
9471 0
9472 2
9473 1
9474 2
9475 0
9476 1
9477 1
9478 1
9479 0
9480 2
9481 2
9482 2
9483 0
9484 2
9485 0
9486 1
9487 1
9488 2
9489 0
9490 3
9491 1
9492 0
9493 1
9494 0
9495 0
9496 0
9497 0
9498 1
9499 2
9500 2
9501 1
9502 0
9503 2
9504 1
9505 1
9506 1
9507 1
9508 0
9509 3
9510 0
9511 0
9512 1
9513 0
9514 1
9515 1
9516 1
9517 1
9518 1
9519 1
9520 1
9521 0
9522 0
9523 2
9524 0
9525 1
9526 0
9527 2
9528 3
9529 2
9530 1
9531 0
9532 0
9533 0
9534 1
9535 0
9536 0
9537 1
9538 1
9539 0
9540 0
9541 0
9542 1
9543 0
9544 3
9545 2
9546 1
9547 2
9548 0
9549 0
9550 1
9551 1
9552 2
9553 1
9554 1
9555 1
9556 1
9557 0
9558 0
9559 0
9560 0
9561 1
9562 1
9563 0
9564 2
9565 1
9566 1
9567 1
9568 1
9569 0
9570 1
9571 3
9572 0
9573 4
9574 1
9575 0
9576 1
9577 2
9578 1
9579 1
9580 0
9581 1
9582 1
9583 1
9584 0
9585 0
9586 1
9587 0
9588 1
9589 2
9590 0
9591 2
9592 0
9593 1
9594 1
9595 0
9596 1
9597 4
9598 1
9599 3
9600 0
9601 1
9602 1
9603 1
9604 2
9605 1
9606 1
9607 1
9608 1
9609 4
9610 1
9611 1
9612 3
9613 3
9614 1
9615 1
9616 1
9617 1
9618 1
9619 0
9620 1
9621 0
9622 1
9623 0
9624 1
9625 2
9626 0
9627 0
9628 0
9629 3
9630 1
9631 3
9632 1
9633 2
9634 1
9635 2
9636 1
9637 2
9638 0
9639 0
9640 1
9641 1
9642 1
9643 1
9644 5
9645 2
9646 3
9647 1
9648 0
9649 1
9650 1
9651 2
9652 2
9653 1
9654 2
9655 2
9656 1
9657 1
9658 0
9659 1
9660 1
9661 4
9662 3
9663 2
9664 0
9665 1
9666 1
9667 0
9668 0
9669 0
9670 3
9671 3
9672 1
9673 0
9674 1
9675 1
9676 3
9677 1
9678 3
9679 0
9680 0
9681 0
9682 0
9683 0
9684 2
9685 1
9686 1
9687 0
9688 0
9689 2
9690 2
9691 1
9692 3
9693 2
9694 0
9695 1
9696 0
9697 2
9698 2
9699 2
9700 2
9701 0
9702 1
9703 3
9704 0
9705 0
9706 2
9707 1
9708 2
9709 0
9710 0
9711 0
9712 0
9713 0
9714 2
9715 0
9716 0
9717 1
9718 0
9719 1
9720 2
9721 0
9722 1
9723 1
9724 1
9725 0
9726 0
9727 1
9728 0
9729 0
9730 1
9731 0
9732 2
9733 1
9734 2
9735 0
9736 1
9737 1
9738 1
9739 1
9740 0
9741 1
9742 1
9743 1
9744 0
9745 1
9746 1
9747 2
9748 0
9749 0
9750 0
9751 0
9752 0
9753 1
9754 1
9755 2
9756 2
9757 1
9758 1
9759 1
9760 2
9761 0
9762 1
9763 0
9764 2
9765 1
9766 0
9767 1
9768 0
9769 0
9770 2
9771 1
9772 1
9773 0
9774 1
9775 2
9776 2
9777 0
9778 1
9779 1
9780 1
9781 1
9782 1
9783 1
9784 2
9785 2
9786 1
9787 0
9788 0
9789 0
9790 1
9791 1
9792 1
9793 0
9794 2
9795 0
9796 1
9797 1
9798 0
9799 1
9800 0
9801 3
9802 1
9803 1
9804 2
9805 0
9806 3
9807 0
9808 1
9809 0
9810 1
9811 0
9812 0
9813 1
9814 2
9815 0
9816 2
9817 1
9818 0
9819 2
9820 2
9821 0
9822 0
9823 1
9824 3
9825 1
9826 2
9827 2
9828 2
9829 1
9830 4
9831 1
9832 1
9833 3
9834 1
9835 1
9836 0
9837 1
9838 2
9839 2
9840 2
9841 1
9842 1
9843 0
9844 2
9845 1
9846 0
9847 1
9848 0
9849 1
9850 1
9851 0
9852 1
9853 0
9854 3
9855 0
9856 2
9857 2
9858 1
9859 2
9860 1
9861 1
9862 1
9863 0
9864 1
9865 0
9866 1
9867 0
9868 1
9869 1
9870 0
9871 1
9872 1
9873 1
9874 0
9875 0
9876 3
9877 0
9878 1
9879 1
9880 0
9881 1
9882 2
9883 1
9884 0
9885 1
9886 1
9887 0
9888 0
9889 1
9890 0
9891 0
9892 2
9893 1
9894 1
9895 0
9896 3
9897 1
9898 0
9899 1
9900 1
9901 1
9902 0
9903 1
9904 0
9905 1
9906 1
9907 2
9908 0
9909 1
9910 1
9911 1
9912 2
9913 1
9914 2
9915 1
9916 1
9917 1
9918 1
9919 1
9920 0
9921 0
9922 1
9923 0
9924 0
9925 1
9926 1
9927 1
9928 1
9929 1
9930 3
9931 0
9932 0
9933 0
9934 2
9935 2
9936 1
9937 0
9938 0
9939 0
9940 0
9941 0
9942 2
9943 2
9944 0
9945 1
9946 2
9947 1
9948 2
9949 0
9950 0
9951 3
9952 1
9953 1
9954 0
9955 0
9956 0
9957 2
9958 0
9959 0
9960 0
9961 1
9962 0
9963 1
9964 0
9965 1
9966 0
9967 0
9968 3
9969 2
9970 1
9971 0
9972 1
9973 0
9974 1
9975 1
9976 1
9977 0
9978 0
9979 1
9980 0
9981 1
9982 1
9983 0
9984 0
9985 0
9986 1
9987 0
9988 2
9989 0
9990 1
9991 1
9992 0
9993 2
9994 0
9995 2
9996 0
9997 1
9998 0
9999 2
