0 76
1 30
2 9
3 17
4 98
5 26
6 146
7 18
8 7
9 10
10 25
11 7
12 9
13 17
14 20
15 2
16 12
17 22
18 15
19 23
20 32
21 7
22 76
23 22
24 10
25 29
26 4
27 11
28 0
29 11
30 16
31 19
32 7
33 15
34 48
35 29
36 4
37 39
38 4
39 1
40 7
41 3
42 16
43 10
44 11
45 9
46 31
47 4
48 68
49 757
50 5
51 18
52 49
53 12
54 233
55 25
56 13
57 50
58 1
59 8
60 14
61 5
62 13
63 9
64 50
65 160
66 30
67 14
68 16
69 47
70 22
71 126
72 5
73 1999
74 178
75 17
76 13
77 18
78 21
79 146
80 34
81 19
82 17
83 8
84 35
85 10
86 14
87 3
88 18
89 2
90 7
91 74
92 64
93 36
94 24
95 7
96 113
97 2888
98 25
99 18
100 29
101 18
102 7
103 67
104 7
105 39
106 31
107 115
108 71
109 23
110 10
111 61
112 0
113 16
114 9
115 736
116 459
117 22
118 27
119 252
120 49
121 40
122 13
123 10
124 9
125 40
126 22
127 12
128 15
129 17
130 134
131 74
132 5
133 13
134 8
135 58
136 35
137 14
138 19
139 123
140 2
141 289
142 90
143 36
144 8
145 34
146 6
147 21
148 41
149 33
150 5
151 61
152 7
153 11
154 8
155 11
156 6
157 7
158 29
159 8
160 64
161 56
162 22
163 1
164 41
165 15
166 8
167 304
168 21
169 62
170 18
171 35
172 21
173 19
174 46
175 15
176 15
177 27
178 32
179 14
180 11
181 14
182 443
183 71
184 22
185 18
186 1
187 76
188 11
189 28
190 31
191 19
192 54
193 55
194 12
195 28
196 257
197 18
198 13
199 5
200 7
201 12
202 87
203 47
204 33
205 199
206 26
207 24
208 22
209 9
210 5
211 11
212 30
213 8
214 23
215 16
216 7
217 14
218 36
219 53
220 5
221 18
222 30
223 38
224 23
225 11
226 25
227 99
228 26
229 30
230 106
231 122
232 36
233 11
234 8
235 4
236 215
237 7
238 15
239 34
240 8
241 25
242 8
243 43
244 3
245 34
246 13
247 8
248 10
249 18
250 24
251 8
252 80
253 0
254 7
255 19
256 142
257 5
258 56
259 24
260 63
261 67
262 11
263 26
264 28
265 27
266 89
267 118
268 47
269 7
270 34
271 3
272 38
273 84
274 16
275 41
276 25
277 20
278 4
279 22
280 25
281 9
282 9
283 55
284 102
285 63
286 80
287 20
288 41
289 2
290 3
291 7
292 31
293 25
294 19
295 4
296 17
297 80
298 16
299 13
300 17
301 12
302 5
303 12
304 15
305 18
306 4
307 6
308 19
309 69
310 13
311 6
312 173
313 145
314 384
315 7
316 24
317 20
318 13
319 2
320 10
321 9
322 22
323 18
324 7
325 20
326 154
327 37
328 73
329 11
330 11
331 85
332 16
333 475
334 41
335 19
336 23
337 14
338 11
339 5
340 68
341 5
342 63
343 16
344 101
345 38
346 4
347 9
348 18
349 22
350 236
351 42
352 41
353 19
354 92
355 12
356 16
357 17
358 15
359 44
360 40
361 39
362 17
363 10
364 19
365 207
366 36
367 141
368 8
369 49
370 30
371 36
372 19
373 127
374 1
375 37
376 4
377 6
378 63
379 340
380 22
381 91
382 5
383 73
384 81
385 59
386 1
387 124
388 32
389 8
390 21
391 97
392 10
393 19
394 19
395 105
396 15
397 15
398 32
399 13
400 10
401 72
402 19
403 7
404 3
405 32
406 1
407 5
408 9
409 35
410 13
411 8
412 100
413 16
414 447
415 61
416 36
417 19
418 175
419 15
420 17
421 44
422 52
423 12
424 13
425 26
426 2
427 14
428 17
429 43
430 11
431 13
432 318
433 76
434 9
435 28
436 9
437 64
438 7
439 12
440 9
441 10
442 26
443 8
444 21
445 103
446 87
447 9
448 193
449 20
450 23
451 25
452 3
453 33
454 6
455 22
456 10
457 9
458 63
459 2
460 9
461 34
462 6
463 40
464 12
465 5
466 53
467 28
468 16
469 9
470 169
471 11
472 11
473 10
474 25
475 8
476 43
477 12
478 7
479 150
480 35
481 21
482 21
483 15
484 312
485 27
486 56
487 7
488 43
489 40
490 7
491 4
492 261
493 18
494 23
495 8
496 7
497 22
498 20
499 23
500 10
501 629
502 10
503 3
504 11
505 62
506 34
507 24
508 183
509 19
510 31
511 71
512 125
513 34
514 20
515 62
516 17
517 12
518 85
519 20
520 50
521 42
522 35
523 7
524 42
525 7
526 33
527 7
528 24
529 99
530 15
531 16
532 27
533 6
534 23
535 22
536 19
537 673
538 35
539 28
540 98
541 8
542 22
543 0
544 5
545 7
546 15
547 20
548 8
549 24
550 7
551 35
552 20
553 39
554 48
555 19
556 31
557 14
558 3
559 53
560 6
561 22
562 76
563 13
564 53
565 3
566 3
567 14
568 9
569 99
570 11
571 116
572 28
573 3
574 19
575 70
576 11
577 6
578 12
579 24
580 5
581 6
582 20
583 11
584 8
585 91
586 74
587 94
588 32
589 26
590 6
591 16
592 244
593 11
594 8
595 23
596 11
597 91
598 23
599 8
600 30
601 17
602 59
603 17
604 14
605 12
606 29
607 15
608 7
609 18
610 6
611 18
612 27
613 0
614 8
615 2
616 231
617 7
618 13
619 8
620 14
621 9
622 27
623 92
624 38
625 43
626 29
627 57
628 29
629 10
630 14
631 13
632 22
633 8
634 34
635 17
636 4
637 27
638 17
639 26
640 16
641 12
642 17
643 41
644 5
645 17
646 114
647 24
648 2
649 68
650 15
651 43
652 53
653 14
654 123
655 113
656 13
657 14
658 18
659 28
660 23
661 4
662 91
663 111
664 35
665 25
666 7
667 19
668 17
669 41
670 39
671 39
672 6
673 565
674 34
675 7
676 74
677 18
678 7
679 15
680 3
681 31
682 29
683 31
684 73
685 180
686 7
687 11
688 16
689 11
690 4
691 22
692 27
693 29
694 18
695 21
696 65
697 54
698 41
699 18
700 27
701 27
702 26
703 70
704 20
705 5
706 4
707 17
708 3
709 21
710 13
711 24
712 7
713 24
714 11
715 52
716 8
717 25
718 9
719 40
720 16
721 33
722 12
723 47
724 145
725 31
726 10
727 4951
728 26
729 41
730 295
731 2
732 34
733 21
734 6
735 7
736 135
737 21
738 15
739 30
740 11
741 6
742 61
743 39
744 69
745 20
746 23
747 38
748 265
749 2
750 4
751 8
752 69
753 34
754 10
755 30
756 20
757 54
758 40
759 25
760 19
761 9
762 63
763 28
764 3
765 15
766 8
767 161
768 12
769 62
770 28
771 11
772 49
773 60
774 15
775 165
776 16
777 42
778 17
779 87
780 13
781 44
782 18
783 22
784 3
785 99
786 40
787 10
788 17
789 17
790 23
791 6
792 122
793 17
794 65
795 33
796 49
797 18
798 69
799 29
800 13
801 7591
802 48
803 11
804 39
805 12
806 10
807 48
808 44
809 17
810 138
811 13
812 8
813 8
814 76
815 9
816 17
817 387
818 100
819 5
820 10
821 11
822 44
823 1856
824 13
825 78
826 23
827 9
828 35
829 207
830 0
831 3
832 27
833 12
834 15
835 6
836 171
837 11
838 3
839 13
840 10
841 12
842 25
843 53
844 206
845 15
846 14
847 37
848 4
849 32
850 83
851 8
852 334
853 54
854 12
855 4
856 8
857 3
858 11
859 28
860 94
861 9
862 3
863 8
864 39
865 16
866 18
867 17
868 31
869 12
870 8
871 4
872 20
873 14
874 9
875 6
876 7
877 6
878 69
879 55
880 30
881 5
882 22
883 103
884 181
885 15
886 21
887 17
888 16
889 124
890 15
891 79
892 19
893 74
894 17
895 15
896 20
897 16
898 27
899 46
900 18
901 24
902 1
903 17
904 86
905 9
906 14
907 237
908 17
909 26
910 60
911 12
912 4
913 57
914 40
915 23
916 110
917 27
918 5
919 28
920 36
921 15
922 29
923 35
924 16
925 38
926 5
927 10
928 24
929 2
930 7
931 78
932 36
933 4
934 3
935 15
936 24
937 11
938 24
939 4
940 821
941 227
942 35
943 26
944 25
945 16
946 19
947 8
948 9
949 48
950 32
951 23
952 519
953 13
954 4
955 9
956 69
957 24
958 10
959 15
960 223
961 17
962 7
963 31
964 16
965 8
966 2
967 30
968 7
969 24
970 8
971 18
972 25
973 54
974 17
975 15
976 8
977 13
978 23
979 18
980 32
981 17
982 32
983 9
984 15
985 18
986 22
987 9
988 66
989 21
990 57
991 277
992 26
993 13
994 24
995 30
996 50
997 27
998 22
999 17
1000 22
1001 15
1002 78
1003 25
1004 9
1005 15
1006 9
1007 3
1008 43
1009 15
1010 19
1011 37
1012 17
1013 45
1014 13
1015 38
1016 10
1017 45
1018 3
1019 39
1020 95
1021 164
1022 15
1023 3
1024 39
1025 85
1026 36
1027 30
1028 137
1029 27
1030 9
1031 47
1032 162
1033 19
1034 24
1035 94
1036 53
1037 121
1038 53
1039 3
1040 7
1041 30
1042 3
1043 20
1044 1
1045 9
1046 272
1047 44
1048 44
1049 8
1050 15
1051 1297
1052 15
1053 22
1054 23
1055 15
1056 11
1057 15
1058 25
1059 9
1060 21
1061 48
1062 52
1063 14
1064 23
1065 32
1066 156
1067 19
1068 32
1069 190
1070 556
1071 60
1072 27
1073 7
1074 13
1075 30
1076 7
1077 23
1078 9
1079 41
1080 26
1081 34
1082 12
1083 11
1084 22
1085 16
1086 32
1087 265
1088 234
1089 9
1090 8
1091 19
1092 18
1093 7
1094 53
1095 28
1096 38
1097 53
1098 34
1099 27
1100 23
1101 11
1102 9
1103 85
1104 23
1105 43
1106 13
1107 16
1108 40
1109 34
1110 22
1111 8
1112 8
1113 5
1114 20
1115 69
1116 255
1117 348
1118 58
1119 24
1120 12
1121 17
1122 1200
1123 1334
1124 18
1125 126
1126 21
1127 14
1128 11
1129 10
1130 325
1131 26
1132 38
1133 9
1134 9
1135 5
1136 214
1137 46
1138 17
1139 792
1140 35
1141 8
1142 21
1143 92
1144 20
1145 75
1146 23
1147 65
1148 74
1149 49
1150 3
1151 22
1152 3
1153 16
1154 33
1155 26
1156 12
1157 10
1158 13
1159 585
1160 29
1161 23
1162 12
1163 6
1164 35
1165 38
1166 6
1167 9
1168 11
1169 191
1170 9
1171 5
1172 21
1173 14
1174 18
1175 19
1176 50
1177 11
1178 21
1179 18
1180 12
1181 13
1182 61
1183 5
1184 2
1185 45
1186 35
1187 27
1188 8
1189 1026
1190 5
1191 28
1192 96
1193 8
1194 25
1195 2
1196 108
1197 44
1198 8
1199 46
1200 7
1201 15
1202 11
1203 19
1204 7
1205 41
1206 10
1207 30
1208 29
1209 66
1210 38
1211 328
1212 19
1213 107
1214 187
1215 14
1216 31
1217 5
1218 46
1219 51
1220 17
1221 59
1222 59
1223 27
1224 10
1225 2
1226 5
1227 46
1228 216
1229 20
1230 16
1231 21
1232 13
1233 7
1234 4
1235 26
1236 54
1237 7
1238 15
1239 35
1240 755
1241 57
1242 4
1243 5
1244 4
1245 9
1246 19
1247 59
1248 90
1249 16
1250 8
1251 30
1252 10
1253 47
1254 86
1255 8
1256 22
1257 21
1258 27
1259 14
1260 17
1261 6
1262 12
1263 25
1264 17
1265 314
1266 9
1267 854
1268 86
1269 38
1270 206
1271 13
1272 92
1273 12
1274 22
1275 18
1276 226
1277 22
1278 0
1279 58
1280 7
1281 34
1282 219
1283 21
1284 120
1285 56
1286 9
1287 31
1288 94
1289 7
1290 33
1291 27
1292 30
1293 76
1294 22
1295 13
1296 21
1297 127
1298 9
1299 63
1300 27
1301 18
1302 22
1303 14
1304 150
1305 20
1306 25
1307 19
1308 989
1309 4
1310 24
1311 15
1312 23
1313 119
1314 1946
1315 5
1316 22
1317 13
1318 5
1319 45
1320 59
1321 45
1322 20
1323 13
1324 25
1325 1479
1326 151
1327 4
1328 14
1329 11
1330 4
1331 4
1332 13
1333 32
1334 17
1335 21
1336 25
1337 139
1338 4
1339 11
1340 13
1341 475
1342 9
1343 12
1344 38
1345 35
1346 55
1347 19
1348 63
1349 80
1350 17
1351 35
1352 11
1353 17
1354 20
1355 29
1356 22
1357 401
1358 2
1359 14
1360 8
1361 34
1362 25
1363 76
1364 13
1365 2553
1366 14
1367 24
1368 13
1369 12
1370 809
1371 1783
1372 5
1373 59
1374 13
1375 144
1376 4
1377 5
1378 34
1379 36
1380 19
1381 5
1382 5
1383 90
1384 99
1385 27
1386 22
1387 32
1388 7
1389 55
1390 19
1391 12
1392 9
1393 29
1394 14
1395 17
1396 461
1397 63
1398 61
1399 18
1400 54
1401 27
1402 10
1403 43
1404 29
1405 18
1406 23
1407 22
1408 0
1409 71
1410 39
1411 10
1412 18
1413 29
1414 7
1415 1
1416 15
1417 33
1418 22
1419 21
1420 43
1421 8
1422 32
1423 37
1424 21
1425 17
1426 23
1427 172
1428 61
1429 44
1430 64
1431 7
1432 231
1433 32
1434 116
1435 37
1436 36
1437 90
1438 14
1439 235
1440 12
1441 167
1442 26
1443 6
1444 212
1445 8
1446 23
1447 41
1448 20
1449 42
1450 75
1451 23
1452 27
1453 4
1454 11
1455 159
1456 80
1457 22
1458 20
1459 64
1460 209
1461 6
1462 77
1463 26
1464 8
1465 18
1466 23
1467 51
1468 73
1469 212
1470 13
1471 30
1472 321
1473 26
1474 66
1475 6
1476 29
1477 6
1478 27
1479 8
1480 541
1481 1772
1482 33
1483 45
1484 14
1485 46
1486 92
1487 208
1488 42
1489 36
1490 314
1491 8
1492 1
1493 18
1494 13
1495 19
1496 14
1497 17
1498 6
1499 13
1500 702
1501 47
1502 3
1503 11
1504 139
1505 19
1506 9
1507 66
1508 26
1509 15
1510 9
1511 173
1512 12
1513 32
1514 9
1515 18
1516 20
1517 10
1518 15
1519 7
1520 15
1521 455
1522 13
1523 44
1524 5
1525 270
1526 15
1527 44
1528 103
1529 53
1530 129
1531 1
1532 4
1533 13
1534 112
1535 13
1536 17
1537 14
1538 29
1539 18
1540 10
1541 44
1542 67
1543 4109
1544 37
1545 122
1546 4
1547 8
1548 2
1549 10
1550 32
1551 909
1552 51
1553 19
1554 8
1555 450
1556 35
1557 4
1558 2
1559 9
1560 94
1561 27
1562 37
1563 24
1564 20
1565 13
1566 2
1567 15
1568 21
1569 31
1570 246
1571 107
1572 45
1573 31
1574 9
1575 169
1576 25
1577 940
1578 22
1579 14
1580 66
1581 27
1582 21
1583 9
1584 33
1585 66
1586 30
1587 204
1588 30
1589 5
1590 7
1591 12
1592 8
1593 7
1594 6
1595 12
1596 222
1597 39
1598 97
1599 18
1600 69
1601 9
1602 10
1603 2
1604 35
1605 17
1606 410
1607 4
1608 276
1609 44
1610 11
1611 11
1612 201
1613 40
1614 73
1615 6
1616 14
1617 102
1618 17
1619 1
1620 12
1621 13
1622 17
1623 15
1624 38
1625 61
1626 10
1627 15
1628 2
1629 79
1630 16
1631 17
1632 15
1633 15
1634 153
1635 151
1636 3
1637 198
1638 237
1639 32
1640 138
1641 103
1642 3
1643 158
1644 54
1645 5
1646 174
1647 157
1648 35
1649 45
1650 43
1651 102
1652 35
1653 4
1654 33
1655 11
1656 13
1657 10
1658 13
1659 11
1660 20
1661 23
1662 16
1663 89
1664 4
1665 17
1666 99
1667 25
1668 66
1669 7
1670 18
1671 41
1672 15
1673 7
1674 55
1675 110
1676 575
1677 9
1678 14
1679 4
1680 8
1681 76
1682 72
1683 15
1684 19
1685 367
1686 11
1687 5
1688 220
1689 18
1690 13
1691 19
1692 15
1693 16
1694 358
1695 14
1696 57
1697 9
1698 25
1699 9
1700 46
1701 1
1702 26
1703 50
1704 38
1705 66
1706 7
1707 3709
1708 38
1709 5
1710 31
1711 3
1712 1
1713 15
1714 20
1715 10
1716 115
1717 34
1718 8
1719 12
1720 12
1721 1
1722 23
1723 9
1724 10
1725 6
1726 17
1727 18
1728 11
1729 13
1730 7
1731 5
1732 21
1733 70
1734 1342
1735 7
1736 12
1737 25
1738 68
1739 332
1740 45
1741 8
1742 114
1743 40
1744 6
1745 59
1746 17
1747 206
1748 37
1749 9
1750 3
1751 217
1752 29
1753 9
1754 32
1755 40
1756 21
1757 38
1758 75
1759 249
1760 13
1761 23
1762 78
1763 13
1764 16
1765 32
1766 5
1767 116
1768 16
1769 26
1770 59
1771 20
1772 98
1773 25
1774 101
1775 30
1776 198
1777 11
1778 26
1779 13
1780 79
1781 4
1782 32
1783 5
1784 49
1785 5
1786 518
1787 60
1788 22
1789 8
1790 253
1791 16
1792 19
1793 33
1794 77
1795 11
1796 21
1797 14
1798 93
1799 38
1800 10
1801 33
1802 49
1803 13
1804 27
1805 26
1806 185
1807 9
1808 12
1809 6
1810 13
1811 34
1812 25
1813 23
1814 17
1815 14
1816 90
1817 10
1818 12
1819 25
1820 445
1821 10
1822 12
1823 9
1824 72
1825 715
1826 33
1827 12
1828 54
1829 18
1830 59
1831 7
1832 7
1833 38
1834 12
1835 9
1836 14
1837 42
1838 49
1839 1246
1840 351
1841 3
1842 25
1843 3
1844 37
1845 24
1846 3
1847 12
1848 25
1849 34
1850 50
1851 10
1852 109
1853 6
1854 129
1855 189
1856 55
1857 10
1858 73
1859 41
1860 19
1861 5
1862 14
1863 15
1864 34
1865 38
1866 357
1867 3
1868 8
1869 6
1870 13
1871 27
1872 40
1873 8
1874 31
1875 187
1876 17
1877 306
1878 12
1879 22
1880 18
1881 43
1882 122
1883 22
1884 127
1885 3
1886 30
1887 33
1888 10
1889 179
1890 99
1891 23
1892 16
1893 16
1894 20
1895 18
1896 19
1897 25
1898 7
1899 47
1900 33
1901 10
1902 12
1903 10
1904 22
1905 17
1906 17
1907 54
1908 43
1909 72
1910 23
1911 148
1912 8
1913 8
1914 26
1915 36
1916 40
1917 12
1918 9
1919 6
1920 79
1921 538
1922 20
1923 3
1924 25
1925 34
1926 96
1927 13
1928 22
1929 22
1930 56
1931 59
1932 1
1933 4
1934 26
1935 133
1936 2
1937 26
1938 99
1939 8
1940 8
1941 55
1942 85
1943 4
1944 10
1945 5
1946 61
1947 12
1948 17
1949 10
1950 4
1951 5
1952 62
1953 26
1954 7
1955 7
1956 23
1957 28
1958 96
1959 150
1960 5
1961 12
1962 25
1963 26
1964 41
1965 11
1966 19
1967 139
1968 44
1969 18
1970 28
1971 17
1972 12
1973 27
1974 39
1975 291
1976 24
1977 82
1978 6
1979 11
1980 150
1981 148
1982 45
1983 14
1984 5
1985 6
1986 7
1987 18
1988 86
1989 20
1990 98
1991 21
1992 0
1993 37
1994 21
1995 32
1996 22
1997 10
1998 10
1999 43
