0 1230
1 8618
2 501
3 540
4 805
5 696
6 1007
7 4441
8 1878
9 579
10 543
11 998
12 815
13 748
14 3356
15 1181
16 1533
17 1167
18 673
19 677
20 1028
21 1538
22 1751
23 3631
24 579
25 3118
26 714
27 5575
28 900
29 768
30 1294
31 619
32 1033
33 880
34 2010
35 701
36 1069
37 1589
38 735
39 2988
40 2424
41 1547
42 720
43 4721
44 873
45 644
46 977
47 801
48 1025
49 1327
50 684
51 2921
52 1527
53 399
54 925
55 1198
56 622
57 756
58 592
59 1381
60 990
61 469
62 657
63 591
64 507
65 3547
66 944
67 2101
68 554
69 1143
70 2324
71 2502
72 898
73 3151
74 727
75 1385
76 1371
77 1583
78 426
79 1096
80 1136
81 2413
82 1238
83 635
84 1322
85 1217
86 1102
87 1254
88 1045
89 1642
90 1023
91 786
92 1070
93 544
94 838
95 440
96 1587
97 3630
98 638
99 512
