0 1
1 1
2 1
3 0
4 2
5 1
6 2
7 0
8 2
9 0
10 1
11 2
12 0
13 0
14 2
15 0
16 0
17 0
18 4
19 1
20 1
21 0
22 3
23 1
24 0
25 1
26 0
27 1
28 1
29 1
30 5
31 2
32 0
33 1
34 2
35 1
36 1
37 1
38 1
39 0
40 1
41 1
42 1
43 1
44 0
45 2
46 1
47 0
48 2
49 1
50 1
51 1
52 2
53 3
54 2
55 4
56 1
57 3
58 1
59 0
60 1
61 1
62 1
63 1
64 1
65 2
66 1
67 1
68 2
69 3
70 3
71 5
72 1
73 1
74 2
75 2
76 1
77 2
78 2
79 3
80 2
81 2
82 1
83 1
84 5
85 2
86 1
87 0
88 4
89 1
90 1
91 1
92 2
93 1
94 1
95 2
96 0
97 1
98 2
99 8
100 4
101 2
102 1
103 2
104 1
105 1
106 3
107 0
108 3
109 3
110 1
111 2
112 0
113 2
114 1
115 4
116 2
117 2
118 2
119 3
120 1
121 0
122 0
123 1
124 0
125 3
126 1
127 0
128 2
129 2
130 0
131 0
132 1
133 1
134 2
135 1
136 0
137 3
138 1
139 0
140 1
141 2
142 3
143 1
144 0
145 1
146 2
147 1
148 3
149 0
150 0
151 3
152 1
153 2
154 1
155 0
156 2
157 1
158 0
159 0
160 1
161 1
162 1
163 1
164 1
165 2
166 1
167 3
168 1
169 0
170 2
171 0
172 0
173 1
174 1
175 0
176 1
177 1
178 1
179 0
180 0
181 0
182 2
183 3
184 1
185 1
186 0
187 0
188 1
189 2
190 3
191 0
192 1
193 0
194 2
195 2
196 1
197 1
198 0
199 0
200 1
201 1
202 1
203 0
204 1
205 1
206 0
207 0
208 2
209 0
210 1
211 1
212 0
213 0
214 1
215 0
216 0
217 1
218 2
219 1
220 3
221 0
222 1
223 1
224 2
225 1
226 2
227 0
228 3
229 0
230 2
231 1
232 1
233 3
234 0
235 0
236 0
237 1
238 4
239 0
240 0
241 1
242 1
243 0
244 1
245 1
246 0
247 2
248 2
249 1
250 0
251 1
252 3
253 0
254 0
255 0
256 0
257 0
258 0
259 3
260 3
261 1
262 1
263 0
264 2
265 1
266 2
267 1
268 3
269 3
270 0
271 0
272 0
273 1
274 0
275 1
276 0
277 0
278 0
279 2
280 0
281 1
282 1
283 0
284 0
285 1
286 1
287 1
288 1
289 1
290 1
291 2
292 0
293 1
294 0
295 0
296 1
297 4
298 1
299 0
300 2
301 1
302 1
303 0
304 0
305 2
306 0
307 0
308 1
309 0
310 1
311 1
312 3
313 2
314 1
315 0
316 1
317 0
318 0
319 1
320 4
321 1
322 1
323 1
324 0
325 0
326 1
327 0
328 1
329 0
330 2
331 0
332 1
333 2
334 1
335 1
336 1
337 3
338 1
339 1
340 0
341 1
342 1
343 1
344 1
345 2
346 0
347 0
348 0
349 0
350 0
351 1
352 1
353 3
354 1
355 2
356 1
357 0
358 2
359 2
360 2
361 1
362 2
363 0
364 0
365 3
366 3
367 1
368 0
369 2
370 1
371 0
372 0
373 0
374 0
375 1
376 1
377 0
378 1
379 1
380 2
381 1
382 1
383 2
384 1
385 4
386 0
387 0
388 1
389 0
390 1
391 0
392 0
393 0
394 0
395 2
396 2
397 1
398 0
399 2
400 0
401 1
402 0
403 1
404 0
405 0
406 0
407 2
408 0
409 1
410 1
411 0
412 1
413 1
414 2
415 0
416 1
417 6
418 0
419 2
420 2
421 1
422 0
423 0
424 2
425 2
426 0
427 0
428 4
429 1
430 1
431 0
432 1
433 1
434 3
435 1
436 0
437 2
438 1
439 1
440 0
441 2
442 1
443 3
444 0
445 1
446 0
447 1
448 1
449 2
450 0
451 0
452 2
453 1
454 0
455 1
456 1
457 1
458 1
459 0
460 1
461 0
462 1
463 2
464 1
465 1
466 1
467 0
468 2
469 1
470 1
471 2
472 1
473 1
474 1
475 1
476 0
477 1
478 0
479 2
480 0
481 2
482 1
483 2
484 0
485 1
486 0
487 0
488 2
489 2
490 1
491 1
492 1
493 2
494 1
495 0
496 1
497 4
498 0
499 0
500 2
501 1
502 0
503 0
504 0
505 1
506 0
507 1
508 3
509 3
510 2
511 0
512 0
513 2
514 1
515 3
516 2
517 1
518 2
519 0
520 1
521 1
522 1
523 1
524 0
525 3
526 1
527 0
528 0
529 0
530 1
531 1
532 0
533 2
534 2
535 1
536 1
537 2
538 1
539 0
540 0
541 0
542 0
543 0
544 0
545 0
546 0
547 1
548 0
549 2
550 0
551 1
552 0
553 0
554 1
555 0
556 3
557 0
558 0
559 0
560 1
561 0
562 0
563 0
564 2
565 0
566 0
567 0
568 0
569 1
570 1
571 1
572 0
573 0
574 2
575 1
576 1
577 0
578 0
579 2
580 2
581 1
582 2
583 0
584 0
585 2
586 2
587 2
588 0
589 1
590 2
591 2
592 2
593 0
594 1
595 2
596 2
597 0
598 2
599 0
600 2
601 0
602 2
603 0
604 0
605 1
606 0
607 0
608 2
609 1
610 0
611 1
612 2
613 1
614 0
615 1
616 3
617 0
618 1
619 0
620 1
621 1
622 2
623 0
624 1
625 0
626 0
627 2
628 1
629 0
630 0
631 2
632 1
633 1
634 0
635 0
636 0
637 0
638 1
639 1
640 1
641 0
642 2
643 0
644 1
645 1
646 1
647 0
648 2
649 1
650 0
651 1
652 1
653 0
654 2
655 1
656 0
657 2
658 0
659 0
660 3
661 0
662 0
663 1
664 0
665 0
666 2
667 2
668 0
669 0
670 2
671 2
672 2
673 1
674 2
675 1
676 1
677 2
678 1
679 0
680 0
681 1
682 0
683 1
684 0
685 2
686 1
687 0
688 0
689 0
690 1
691 1
692 1
693 0
694 0
695 3
696 0
697 0
698 1
699 0
700 0
701 0
702 1
703 0
704 0
705 0
706 1
707 0
708 0
709 2
710 1
711 1
712 1
713 0
714 0
715 0
716 2
717 1
718 1
719 1
720 0
721 1
722 1
723 0
724 1
725 2
726 2
727 2
728 0
729 1
730 1
731 1
732 1
733 2
734 2
735 1
736 0
737 1
738 1
739 0
740 1
741 0
742 2
743 0
744 2
745 1
746 2
747 1
748 0
749 0
750 0
751 1
752 3
753 1
754 3
755 3
756 0
757 0
758 0
759 1
760 1
761 0
762 1
763 2
764 2
765 0
766 1
767 2
768 2
769 0
770 3
771 0
772 1
773 1
774 2
775 2
776 2
777 1
778 1
779 1
780 3
781 2
782 2
783 1
784 1
785 2
786 0
787 0
788 0
789 2
790 2
791 0
792 1
793 1
794 0
795 1
796 2
797 0
798 2
799 1
800 4
801 3
802 1
803 2
804 0
805 1
806 2
807 2
808 1
809 2
810 1
811 1
812 1
813 3
814 2
815 1
816 0
817 1
818 4
819 0
820 1
821 0
822 1
823 0
824 0
825 2
826 2
827 1
828 1
829 2
830 1
831 0
832 0
833 1
834 2
835 1
836 1
837 2
838 1
839 0
840 0
841 2
842 2
843 0
844 3
845 2
846 0
847 2
848 3
849 0
850 0
851 0
852 1
853 0
854 2
855 0
856 0
857 1
858 4
859 2
860 3
861 1
862 1
863 1
864 2
865 0
866 0
867 0
868 3
869 1
870 1
871 0
872 2
873 2
874 2
875 1
876 2
877 1
878 1
879 1
880 0
881 4
882 3
883 1
884 1
885 0
886 1
887 2
888 2
889 1
890 0
891 1
892 0
893 1
894 3
895 2
896 2
897 0
898 2
899 0
900 2
901 0
902 0
903 2
904 2
905 0
906 1
907 1
908 0
909 0
910 2
911 2
912 0
913 0
914 0
915 1
916 1
917 0
918 0
919 1
920 1
921 0
922 0
923 0
924 1
925 1
926 1
927 0
928 0
929 0
930 2
931 1
932 0
933 1
934 0
935 1
936 1
937 1
938 3
939 1
940 0
941 0
942 1
943 1
944 0
945 2
946 2
947 1
948 1
949 0
950 1
951 1
952 1
953 1
954 0
955 0
956 0
957 0
958 1
959 2
960 0
961 1
962 0
963 2
964 0
965 3
966 0
967 0
968 1
969 2
970 0
971 1
972 0
973 2
974 2
975 1
976 0
977 1
978 0
979 2
980 1
981 1
982 0
983 0
984 1
985 3
986 1
987 3
988 1
989 1
990 4
991 0
992 1
993 2
994 1
995 1
996 2
997 1
998 1
999 1
1000 0
1001 2
1002 1
1003 1
1004 1
1005 3
1006 0
1007 0
1008 0
1009 0
1010 3
1011 0
1012 0
1013 4
1014 1
1015 1
1016 1
1017 2
1018 0
1019 1
1020 1
1021 1
1022 0
1023 0
1024 3
1025 2
1026 0
1027 2
1028 0
1029 0
1030 0
1031 2
1032 0
1033 1
1034 1
1035 1
1036 0
1037 0
1038 0
1039 0
1040 2
1041 0
1042 0
1043 1
1044 1
1045 0
1046 4
1047 1
1048 4
1049 1
1050 1
1051 0
1052 0
1053 1
1054 2
1055 2
1056 1
1057 0
1058 0
1059 2
1060 3
1061 2
1062 1
1063 0
1064 1
1065 0
1066 1
1067 1
1068 0
1069 0
1070 1
1071 1
1072 2
1073 0
1074 1
1075 2
1076 2
1077 1
1078 1
1079 2
1080 1
1081 3
1082 0
1083 2
1084 3
1085 1
1086 0
1087 3
1088 2
1089 0
1090 1
1091 1
1092 1
1093 1
1094 0
1095 1
1096 0
1097 1
1098 2
1099 0
1100 2
1101 1
1102 0
1103 4
1104 2
1105 2
1106 1
1107 2
1108 0
1109 0
1110 0
1111 1
1112 0
1113 3
1114 1
1115 2
1116 1
1117 0
1118 1
1119 0
1120 3
1121 0
1122 1
1123 1
1124 0
1125 1
1126 0
1127 1
1128 2
1129 0
1130 2
1131 1
1132 0
1133 0
1134 2
1135 0
1136 0
1137 0
1138 1
1139 0
1140 1
1141 1
1142 1
1143 1
1144 0
1145 2
1146 0
1147 3
1148 0
1149 1
1150 0
1151 0
1152 1
1153 2
1154 2
1155 0
1156 0
1157 2
1158 2
1159 0
1160 1
1161 1
1162 2
1163 0
1164 2
1165 0
1166 0
1167 1
1168 0
1169 2
1170 0
1171 0
1172 0
1173 1
1174 3
1175 0
1176 2
1177 2
1178 2
1179 0
1180 0
1181 1
1182 3
1183 1
1184 2
1185 0
1186 1
1187 3
1188 1
1189 2
1190 3
1191 1
1192 2
1193 0
1194 1
1195 2
1196 0
1197 3
1198 0
1199 0
1200 1
1201 0
1202 2
1203 2
1204 2
1205 1
1206 2
1207 3
1208 1
1209 1
1210 0
1211 2
1212 2
1213 2
1214 3
1215 1
1216 0
1217 2
1218 1
1219 2
1220 0
1221 0
1222 1
1223 0
1224 1
1225 0
1226 1
1227 2
1228 1
1229 4
1230 1
1231 1
1232 1
1233 2
1234 0
1235 1
1236 1
1237 0
1238 1
1239 2
1240 4
1241 2
1242 1
1243 2
1244 1
1245 1
1246 2
1247 1
1248 2
1249 1
1250 0
1251 0
1252 1
1253 1
1254 0
1255 0
1256 1
1257 1
1258 3
1259 1
1260 2
1261 1
1262 0
1263 1
1264 1
1265 2
1266 1
1267 1
1268 1
1269 2
1270 0
1271 1
1272 1
1273 1
1274 0
1275 0
1276 0
1277 0
1278 1
1279 0
1280 1
1281 0
1282 1
1283 0
1284 0
1285 0
1286 1
1287 1
1288 0
1289 0
1290 1
1291 0
1292 1
1293 3
1294 3
1295 0
1296 0
1297 2
1298 1
1299 0
1300 0
1301 0
1302 3
1303 0
1304 1
1305 1
1306 0
1307 0
1308 3
1309 0
1310 1
1311 1
1312 1
1313 3
1314 0
1315 2
1316 0
1317 1
1318 1
1319 0
1320 2
1321 0
1322 1
1323 0
1324 1
1325 3
1326 0
1327 0
1328 0
1329 1
1330 1
1331 1
1332 0
1333 0
1334 0
1335 0
1336 0
1337 3
1338 0
1339 1
1340 0
1341 1
1342 2
1343 1
1344 1
1345 2
1346 1
1347 1
1348 3
1349 0
1350 3
1351 1
1352 0
1353 1
1354 1
1355 2
1356 0
1357 0
1358 1
1359 2
1360 0
1361 3
1362 0
1363 1
1364 1
1365 4
1366 4
1367 1
1368 1
1369 1
1370 2
1371 1
1372 1
1373 2
1374 2
1375 3
1376 0
1377 0
1378 2
1379 1
1380 0
1381 1
1382 2
1383 0
1384 1
1385 3
1386 1
1387 1
1388 1
1389 1
1390 2
1391 0
1392 2
1393 2
1394 2
1395 2
1396 1
1397 0
1398 0
1399 3
1400 0
1401 0
1402 0
1403 1
1404 2
1405 3
1406 1
1407 0
1408 1
1409 0
1410 0
1411 1
1412 0
1413 4
1414 0
1415 1
1416 1
1417 1
1418 2
1419 1
1420 1
1421 0
1422 1
1423 0
1424 1
1425 2
1426 1
1427 1
1428 1
1429 1
1430 0
1431 0
1432 3
1433 2
1434 1
1435 1
1436 0
1437 1
1438 1
1439 0
1440 0
1441 0
1442 1
1443 2
1444 1
1445 2
1446 2
1447 1
1448 2
1449 0
1450 0
1451 1
1452 2
1453 1
1454 2
1455 2
1456 0
1457 3
1458 2
1459 2
1460 1
1461 3
1462 1
1463 2
1464 0
1465 1
1466 2
1467 1
1468 4
1469 1
1470 1
1471 1
1472 0
1473 1
1474 0
1475 1
1476 1
1477 2
1478 1
1479 2
1480 2
1481 1
1482 1
1483 0
1484 1
1485 1
1486 1
1487 1
1488 1
1489 2
1490 2
1491 1
1492 0
1493 0
1494 0
1495 1
1496 1
1497 2
1498 3
1499 2
1500 3
1501 0
1502 0
1503 0
1504 3
1505 1
1506 0
1507 2
1508 0
1509 1
1510 1
1511 0
1512 2
1513 1
1514 0
1515 2
1516 1
1517 1
1518 3
1519 0
1520 1
1521 0
1522 0
1523 2
1524 1
1525 2
1526 1
1527 0
1528 1
1529 1
1530 4
1531 2
1532 1
1533 1
1534 2
1535 0
1536 0
1537 1
1538 2
1539 4
1540 1
1541 2
1542 0
1543 0
1544 0
1545 0
1546 1
1547 2
1548 0
1549 0
1550 0
1551 1
1552 3
1553 2
1554 2
1555 1
1556 3
1557 1
1558 0
1559 0
1560 2
1561 0
1562 2
1563 1
1564 2
1565 1
1566 1
1567 1
1568 2
1569 2
1570 0
1571 3
1572 1
1573 1
1574 1
1575 3
1576 0
1577 1
1578 1
1579 2
1580 0
1581 1
1582 0
1583 1
1584 2
1585 0
1586 0
1587 0
1588 0
1589 1
1590 1
1591 1
1592 1
1593 0
1594 2
1595 2
1596 0
1597 1
1598 2
1599 2
1600 0
1601 0
1602 1
1603 0
1604 2
1605 0
1606 2
1607 0
1608 2
1609 3
1610 4
1611 0
1612 0
1613 0
1614 2
1615 0
1616 2
1617 0
1618 0
1619 0
1620 3
1621 1
1622 0
1623 1
1624 1
1625 2
1626 1
1627 0
1628 1
1629 2
1630 2
1631 0
1632 4
1633 2
1634 2
1635 0
1636 0
1637 0
1638 0
1639 0
1640 0
1641 0
1642 1
1643 0
1644 2
1645 1
1646 1
1647 0
1648 1
1649 2
1650 1
1651 1
1652 2
1653 0
1654 1
1655 1
1656 0
1657 2
1658 2
1659 2
1660 1
1661 1
1662 2
1663 1
1664 2
1665 0
1666 0
1667 1
1668 2
1669 0
1670 0
1671 1
1672 1
1673 1
1674 0
1675 0
1676 0
1677 0
1678 2
1679 2
1680 0
1681 2
1682 2
1683 0
1684 0
1685 0
1686 0
1687 1
1688 1
1689 3
1690 0
1691 3
1692 1
1693 1
1694 1
1695 2
1696 0
1697 1
1698 1
1699 1
1700 1
1701 2
1702 1
1703 3
1704 0
1705 2
1706 0
1707 1
1708 1
1709 0
1710 2
1711 1
1712 0
1713 1
1714 2
1715 2
1716 1
1717 1
1718 0
1719 1
1720 0
1721 0
1722 3
1723 1
1724 1
1725 0
1726 2
1727 3
1728 2
1729 0
1730 1
1731 1
1732 0
1733 2
1734 1
1735 2
1736 0
1737 1
1738 2
1739 0
1740 1
1741 0
1742 0
1743 0
1744 1
1745 2
1746 1
1747 0
1748 1
1749 1
1750 0
1751 2
1752 1
1753 0
1754 0
1755 2
1756 2
1757 2
1758 0
1759 3
1760 1
1761 2
1762 3
1763 1
1764 0
1765 0
1766 1
1767 0
1768 0
1769 1
1770 0
1771 0
1772 0
1773 0
1774 2
1775 3
1776 1
1777 2
1778 3
1779 0
1780 1
1781 0
1782 2
1783 0
1784 1
1785 1
1786 1
1787 2
1788 1
1789 1
1790 1
1791 1
1792 2
1793 3
1794 0
1795 1
1796 1
1797 1
1798 1
1799 4
1800 2
1801 1
1802 0
1803 1
1804 1
1805 0
1806 1
1807 1
1808 3
1809 0
1810 1
1811 1
1812 2
1813 0
1814 0
1815 2
1816 0
1817 2
1818 0
1819 3
1820 1
1821 1
1822 0
1823 3
1824 0
1825 1
1826 1
1827 2
1828 0
1829 2
1830 3
1831 1
1832 1
1833 1
1834 0
1835 1
1836 2
1837 0
1838 1
1839 1
1840 1
1841 0
1842 0
1843 1
1844 1
1845 1
1846 0
1847 2
1848 1
1849 0
1850 1
1851 0
1852 0
1853 2
1854 2
1855 1
1856 1
1857 0
1858 1
1859 3
1860 2
1861 0
1862 1
1863 2
1864 1
1865 0
1866 2
1867 1
1868 1
1869 1
1870 1
1871 0
1872 0
1873 1
1874 0
1875 1
1876 2
1877 0
1878 1
1879 0
1880 1
1881 0
1882 1
1883 3
1884 1
1885 1
1886 1
1887 1
1888 2
1889 1
1890 0
1891 2
1892 0
1893 2
1894 2
1895 1
1896 1
1897 1
1898 1
1899 1
1900 1
1901 0
1902 0
1903 1
1904 1
1905 1
1906 3
1907 1
1908 0
1909 0
1910 1
1911 1
1912 0
1913 2
1914 1
1915 0
1916 0
1917 2
1918 2
1919 3
1920 2
1921 1
1922 0
1923 2
1924 1
1925 1
1926 1
1927 3
1928 1
1929 2
1930 1
1931 1
1932 0
1933 0
1934 2
1935 0
1936 2
1937 0
1938 2
1939 1
1940 2
1941 0
1942 1
1943 2
1944 3
1945 0
1946 3
1947 2
1948 0
1949 0
1950 0
1951 1
1952 1
1953 2
1954 0
1955 0
1956 1
1957 2
1958 0
1959 2
1960 0
1961 0
1962 0
1963 2
1964 0
1965 1
1966 0
1967 0
1968 0
1969 0
1970 2
1971 1
1972 2
1973 1
1974 2
1975 1
1976 1
1977 4
1978 2
1979 2
1980 0
1981 1
1982 1
1983 1
1984 0
1985 1
1986 2
1987 1
1988 2
1989 0
1990 3
1991 0
1992 0
1993 1
1994 1
1995 3
1996 0
1997 2
1998 2
1999 1
2000 0
2001 1
2002 0
2003 0
2004 1
2005 1
2006 1
2007 2
2008 1
2009 1
2010 1
2011 2
2012 0
2013 0
2014 2
2015 1
2016 1
2017 2
2018 0
2019 2
2020 0
2021 1
2022 0
2023 0
2024 0
2025 1
2026 1
2027 1
2028 0
2029 0
2030 0
2031 1
2032 0
2033 0
2034 1
2035 0
2036 1
2037 1
2038 1
2039 1
2040 0
2041 0
2042 0
2043 2
2044 0
2045 1
2046 0
2047 2
2048 1
2049 1
2050 1
2051 1
2052 0
2053 1
2054 1
2055 1
2056 2
2057 1
2058 1
2059 0
2060 0
2061 2
2062 3
2063 0
2064 1
2065 0
2066 2
2067 1
2068 1
2069 1
2070 0
2071 1
2072 0
2073 1
2074 0
2075 0
2076 0
2077 1
2078 0
2079 2
2080 2
2081 0
2082 1
2083 2
2084 1
2085 2
2086 1
2087 0
2088 1
2089 2
2090 1
2091 1
2092 0
2093 1
2094 0
2095 1
2096 0
2097 2
2098 2
2099 0
2100 1
2101 2
2102 0
2103 2
2104 0
2105 0
2106 1
2107 0
2108 1
2109 2
2110 1
2111 0
2112 0
2113 0
2114 1
2115 3
2116 1
2117 1
2118 1
2119 3
2120 2
2121 4
2122 2
2123 1
2124 2
2125 2
2126 1
2127 0
2128 0
2129 0
2130 1
2131 1
2132 0
2133 0
2134 0
2135 1
2136 3
2137 1
2138 0
2139 2
2140 1
2141 0
2142 3
2143 1
2144 0
2145 2
2146 1
2147 1
2148 2
2149 2
2150 0
2151 3
2152 0
2153 1
2154 2
2155 1
2156 0
2157 1
2158 0
2159 3
2160 0
2161 1
2162 0
2163 0
2164 0
2165 0
2166 1
2167 2
2168 3
2169 2
2170 0
2171 0
2172 0
2173 2
2174 1
2175 1
2176 0
2177 0
2178 0
2179 4
2180 0
2181 0
2182 3
2183 3
2184 0
2185 0
2186 0
2187 0
2188 3
2189 0
2190 0
2191 1
2192 1
2193 0
2194 1
2195 1
2196 1
2197 0
2198 1
2199 2
2200 0
2201 1
2202 1
2203 1
2204 0
2205 0
2206 2
2207 1
2208 0
2209 1
2210 1
2211 3
2212 0
2213 0
2214 2
2215 0
2216 0
2217 0
2218 0
2219 2
2220 2
2221 1
2222 1
2223 3
2224 0
2225 0
2226 2
2227 1
2228 0
2229 1
2230 1
2231 1
2232 0
2233 0
2234 1
2235 1
2236 1
2237 0
2238 3
2239 2
2240 0
2241 1
2242 0
2243 4
2244 2
2245 1
2246 1
2247 2
2248 2
2249 2
2250 1
2251 3
2252 2
2253 2
2254 3
2255 0
2256 1
2257 1
2258 1
2259 1
2260 0
2261 0
2262 0
2263 0
2264 2
2265 0
2266 0
2267 0
2268 1
2269 0
2270 3
2271 1
2272 1
2273 0
2274 2
2275 1
2276 1
2277 2
2278 0
2279 4
2280 1
2281 1
2282 0
2283 1
2284 2
2285 3
2286 0
2287 2
2288 2
2289 0
2290 2
2291 2
2292 0
2293 2
2294 0
2295 3
2296 1
2297 0
2298 2
2299 0
2300 0
2301 0
2302 0
2303 1
2304 0
2305 0
2306 1
2307 2
2308 0
2309 2
2310 1
2311 0
2312 2
2313 1
2314 0
2315 1
2316 0
2317 3
2318 1
2319 0
2320 0
2321 0
2322 1
2323 2
2324 2
2325 3
2326 3
2327 2
2328 3
2329 3
2330 0
2331 2
2332 0
2333 3
2334 1
2335 0
2336 2
2337 1
2338 0
2339 1
2340 1
2341 1
2342 0
2343 1
2344 3
2345 0
2346 1
2347 1
2348 2
2349 3
2350 1
2351 2
2352 2
2353 1
2354 1
2355 0
2356 2
2357 1
2358 2
2359 0
2360 1
2361 1
2362 0
2363 5
2364 0
2365 1
2366 1
2367 1
2368 0
2369 1
2370 2
2371 2
2372 0
2373 3
2374 0
2375 1
2376 1
2377 0
2378 3
2379 2
2380 0
2381 3
2382 1
2383 1
2384 2
2385 0
2386 0
2387 1
2388 0
2389 1
2390 1
2391 1
2392 2
2393 2
2394 1
2395 1
2396 0
2397 2
2398 1
2399 1
2400 2
2401 1
2402 2
2403 0
2404 0
2405 2
2406 0
2407 1
2408 0
2409 0
2410 2
2411 2
2412 2
2413 1
2414 1
2415 0
2416 1
2417 2
2418 0
2419 0
2420 0
2421 0
2422 1
2423 0
2424 3
2425 1
2426 0
2427 0
2428 0
2429 1
2430 3
2431 1
2432 2
2433 4
2434 1
2435 1
2436 2
2437 1
2438 1
2439 2
2440 2
2441 2
2442 1
2443 2
2444 1
2445 2
2446 0
2447 2
2448 2
2449 0
2450 2
2451 1
2452 0
2453 2
2454 2
2455 1
2456 0
2457 1
2458 2
2459 1
2460 2
2461 1
2462 0
2463 3
2464 0
2465 2
2466 1
2467 3
2468 0
2469 3
2470 3
2471 1
2472 0
2473 1
2474 1
2475 1
2476 2
2477 0
2478 1
2479 1
2480 3
2481 1
2482 2
2483 1
2484 4
2485 2
2486 0
2487 1
2488 1
2489 0
2490 1
2491 2
2492 1
2493 1
2494 0
2495 1
2496 1
2497 1
2498 2
2499 1
2500 1
2501 2
2502 2
2503 2
2504 1
2505 1
2506 1
2507 0
2508 1
2509 0
2510 2
2511 1
2512 2
2513 2
2514 1
2515 0
2516 1
2517 1
2518 0
2519 1
2520 2
2521 0
2522 0
2523 2
2524 4
2525 2
2526 1
2527 0
2528 1
2529 3
2530 1
2531 1
2532 2
2533 1
2534 1
2535 1
2536 1
2537 2
2538 1
2539 0
2540 1
2541 0
2542 0
2543 0
2544 3
2545 2
2546 0
2547 1
2548 0
2549 0
2550 2
2551 3
2552 0
2553 1
2554 1
2555 1
2556 0
2557 2
2558 0
2559 1
2560 0
2561 0
2562 1
2563 3
2564 3
2565 0
2566 0
2567 0
2568 0
2569 2
2570 1
2571 2
2572 1
2573 0
2574 0
2575 1
2576 0
2577 3
2578 3
2579 1
2580 2
2581 1
2582 0
2583 0
2584 2
2585 1
2586 1
2587 3
2588 1
2589 1
2590 0
2591 3
2592 1
2593 2
2594 2
2595 0
2596 2
2597 0
2598 2
2599 1
2600 2
2601 3
2602 0
2603 0
2604 1
2605 4
2606 1
2607 1
2608 1
2609 0
2610 0
2611 1
2612 1
2613 2
2614 2
2615 0
2616 0
2617 1
2618 2
2619 0
2620 2
2621 0
2622 2
2623 1
2624 1
2625 2
2626 3
2627 0
2628 3
2629 2
2630 0
2631 3
2632 0
2633 0
2634 0
2635 5
2636 0
2637 1
2638 0
2639 2
2640 1
2641 4
2642 1
2643 1
2644 2
2645 1
2646 3
2647 0
2648 1
2649 1
2650 2
2651 0
2652 0
2653 1
2654 0
2655 1
2656 1
2657 0
2658 0
2659 0
2660 2
2661 1
2662 4
2663 2
2664 1
2665 1
2666 1
2667 2
2668 0
2669 2
2670 2
2671 3
2672 0
2673 1
2674 1
2675 1
2676 2
2677 1
2678 1
2679 2
2680 2
2681 0
2682 2
2683 1
2684 2
2685 0
2686 0
2687 0
2688 2
2689 2
2690 2
2691 1
2692 2
2693 3
2694 0
2695 3
2696 4
2697 1
2698 3
2699 1
2700 0
2701 1
2702 0
2703 2
2704 2
2705 0
2706 1
2707 2
2708 0
2709 1
2710 0
2711 0
2712 2
2713 3
2714 2
2715 2
2716 0
2717 1
2718 1
2719 4
2720 1
2721 1
2722 1
2723 1
2724 0
2725 2
2726 1
2727 0
2728 2
2729 1
2730 1
2731 1
2732 0
2733 0
2734 1
2735 0
2736 1
2737 0
2738 1
2739 2
2740 0
2741 0
2742 0
2743 2
2744 0
2745 2
2746 1
2747 3
2748 0
2749 0
2750 0
2751 1
2752 0
2753 3
2754 1
2755 0
2756 1
2757 1
2758 1
2759 0
2760 0
2761 0
2762 3
2763 1
2764 3
2765 0
2766 1
2767 1
2768 0
2769 2
2770 3
2771 0
2772 1
2773 0
2774 1
2775 0
2776 0
2777 1
2778 1
2779 0
2780 1
2781 0
2782 1
2783 2
2784 3
2785 1
2786 0
2787 0
2788 2
2789 0
2790 1
2791 0
2792 1
2793 1
2794 0
2795 2
2796 3
2797 2
2798 2
2799 0
2800 1
2801 4
2802 0
2803 0
2804 1
2805 1
2806 2
2807 1
2808 1
2809 0
2810 1
2811 1
2812 1
2813 1
2814 4
2815 2
2816 2
2817 0
2818 1
2819 1
2820 0
2821 1
2822 1
2823 3
2824 0
2825 1
2826 1
2827 3
2828 0
2829 1
2830 1
2831 2
2832 1
2833 2
2834 0
2835 2
2836 0
2837 2
2838 0
2839 1
2840 0
2841 1
2842 2
2843 2
2844 0
2845 0
2846 3
2847 1
2848 0
2849 1
2850 2
2851 0
2852 0
2853 2
2854 1
2855 2
2856 2
2857 0
2858 0
2859 3
2860 1
2861 0
2862 0
2863 0
2864 0
2865 1
2866 2
2867 0
2868 1
2869 2
2870 1
2871 0
2872 1
2873 3
2874 2
2875 0
2876 0
2877 0
2878 0
2879 1
2880 2
2881 0
2882 2
2883 1
2884 1
2885 0
2886 0
2887 0
2888 1
2889 2
2890 0
2891 1
2892 0
2893 1
2894 2
2895 1
2896 2
2897 1
2898 0
2899 1
2900 1
2901 0
2902 2
2903 2
2904 0
2905 1
2906 0
2907 1
2908 0
2909 1
2910 2
2911 0
2912 2
2913 2
2914 1
2915 1
2916 0
2917 2
2918 1
2919 2
2920 2
2921 2
2922 0
2923 0
2924 0
2925 1
2926 0
2927 0
2928 0
2929 0
2930 3
2931 1
2932 0
2933 2
2934 1
2935 0
2936 0
2937 0
2938 3
2939 0
2940 0
2941 2
2942 0
2943 1
2944 1
2945 1
2946 1
2947 0
2948 0
2949 2
2950 0
2951 1
2952 1
2953 4
2954 0
2955 0
2956 2
2957 1
2958 1
2959 0
2960 0
2961 2
2962 0
2963 4
2964 0
2965 1
2966 1
2967 1
2968 1
2969 2
2970 2
2971 2
2972 2
2973 1
2974 1
2975 1
2976 1
2977 2
2978 1
2979 0
2980 0
2981 1
2982 1
2983 1
2984 1
2985 1
2986 0
2987 0
2988 2
2989 1
2990 1
2991 1
2992 1
2993 0
2994 2
2995 2
2996 1
2997 0
2998 1
2999 2
3000 1
3001 2
3002 2
3003 2
3004 0
3005 0
3006 0
3007 1
3008 1
3009 0
3010 1
3011 1
3012 0
3013 0
3014 1
3015 1
3016 1
3017 0
3018 1
3019 3
3020 2
3021 0
3022 1
3023 0
3024 0
3025 1
3026 0
3027 2
3028 0
3029 0
3030 0
3031 0
3032 1
3033 2
3034 1
3035 0
3036 0
3037 0
3038 0
3039 0
3040 2
3041 1
3042 1
3043 1
3044 0
3045 1
3046 0
3047 0
3048 2
3049 1
3050 0
3051 1
3052 1
3053 3
3054 1
3055 1
3056 1
3057 0
3058 1
3059 1
3060 1
3061 0
3062 1
3063 0
3064 0
3065 2
3066 2
3067 0
3068 1
3069 0
3070 0
3071 1
3072 0
3073 0
3074 0
3075 0
3076 1
3077 2
3078 0
3079 1
3080 1
3081 0
3082 0
3083 1
3084 1
3085 0
3086 0
3087 1
3088 2
3089 2
3090 0
3091 3
3092 3
3093 1
3094 1
3095 2
3096 0
3097 1
3098 0
3099 1
3100 2
3101 0
3102 0
3103 2
3104 2
3105 0
3106 1
3107 3
3108 4
3109 1
3110 1
3111 4
3112 0
3113 0
3114 1
3115 2
3116 3
3117 2
3118 4
3119 1
3120 3
3121 1
3122 2
3123 2
3124 0
3125 3
3126 0
3127 2
3128 1
3129 2
3130 0
3131 2
3132 1
3133 0
3134 1
3135 0
3136 3
3137 0
3138 0
3139 4
3140 0
3141 0
3142 0
3143 3
3144 3
3145 1
3146 1
3147 1
3148 0
3149 1
3150 1
3151 0
3152 0
3153 1
3154 0
3155 2
3156 1
3157 0
3158 0
3159 2
3160 0
3161 1
3162 0
3163 1
3164 1
3165 0
3166 2
3167 2
3168 1
3169 1
3170 3
3171 3
3172 0
3173 1
3174 1
3175 1
3176 1
3177 0
3178 0
3179 1
3180 2
3181 2
3182 1
3183 0
3184 1
3185 1
3186 0
3187 0
3188 1
3189 1
3190 1
3191 0
3192 1
3193 4
3194 1
3195 0
3196 0
3197 1
3198 0
3199 0
3200 1
3201 1
3202 1
3203 2
3204 0
3205 2
3206 0
3207 1
3208 2
3209 0
3210 1
3211 2
3212 1
3213 2
3214 0
3215 1
3216 1
3217 0
3218 0
3219 0
3220 0
3221 1
3222 2
3223 1
3224 0
3225 0
3226 0
3227 2
3228 1
3229 0
3230 1
3231 2
3232 2
3233 1
3234 1
3235 1
3236 3
3237 0
3238 0
3239 3
3240 2
3241 0
3242 0
3243 0
3244 1
3245 0
3246 2
3247 1
3248 0
3249 1
3250 1
3251 1
3252 2
3253 0
3254 3
3255 1
3256 2
3257 0
3258 1
3259 0
3260 0
3261 0
3262 2
3263 2
3264 0
3265 0
3266 3
3267 3
3268 2
3269 0
3270 0
3271 1
3272 1
3273 3
3274 2
3275 1
3276 1
3277 3
3278 0
3279 2
3280 2
3281 3
3282 0
3283 1
3284 4
3285 0
3286 0
3287 1
3288 1
3289 0
3290 3
3291 1
3292 3
3293 0
3294 1
3295 2
3296 2
3297 1
3298 2
3299 2
3300 2
3301 2
3302 1
3303 1
3304 3
3305 0
3306 0
3307 1
3308 3
3309 0
3310 2
3311 0
3312 0
3313 1
3314 1
3315 0
3316 2
3317 1
3318 0
3319 2
3320 2
3321 3
3322 2
3323 2
3324 2
3325 3
3326 2
3327 3
3328 2
3329 2
3330 1
3331 0
3332 0
3333 3
3334 1
3335 1
3336 1
3337 0
3338 0
3339 0
3340 1
3341 1
3342 1
3343 3
3344 0
3345 3
3346 1
3347 2
3348 1
3349 1
3350 2
3351 2
3352 1
3353 0
3354 0
3355 4
3356 1
3357 3
3358 0
3359 4
3360 0
3361 1
3362 0
3363 3
3364 1
3365 1
3366 0
3367 1
3368 3
3369 2
3370 2
3371 1
3372 3
3373 2
3374 2
3375 0
3376 2
3377 0
3378 0
3379 0
3380 1
3381 2
3382 1
3383 1
3384 1
3385 1
3386 1
3387 0
3388 1
3389 1
3390 0
3391 1
3392 0
3393 1
3394 0
3395 2
3396 0
3397 3
3398 2
3399 0
3400 0
3401 3
3402 1
3403 3
3404 0
3405 0
3406 3
3407 0
3408 0
3409 2
3410 0
3411 0
3412 0
3413 1
3414 1
3415 0
3416 0
3417 0
3418 2
3419 3
3420 0
3421 1
3422 0
3423 2
3424 0
3425 0
3426 2
3427 1
3428 1
3429 0
3430 1
3431 1
3432 0
3433 1
3434 1
3435 1
3436 2
3437 0
3438 0
3439 1
3440 0
3441 3
3442 0
3443 1
3444 2
3445 2
3446 1
3447 0
3448 0
3449 1
3450 4
3451 1
3452 1
3453 1
3454 1
3455 3
3456 1
3457 1
3458 0
3459 0
3460 2
3461 1
3462 0
3463 0
3464 0
3465 0
3466 2
3467 1
3468 3
3469 1
3470 2
3471 2
3472 2
3473 1
3474 0
3475 0
3476 0
3477 0
3478 0
3479 0
3480 2
3481 0
3482 0
3483 1
3484 1
3485 0
3486 1
3487 2
3488 0
3489 0
3490 1
3491 0
3492 0
3493 0
3494 2
3495 2
3496 0
3497 0
3498 1
3499 0
3500 1
3501 0
3502 0
3503 0
3504 2
3505 3
3506 0
3507 0
3508 1
3509 3
3510 3
3511 0
3512 2
3513 2
3514 2
3515 0
3516 4
3517 0
3518 0
3519 1
3520 1
3521 1
3522 0
3523 1
3524 1
3525 1
3526 0
3527 2
3528 0
3529 2
3530 0
3531 0
3532 1
3533 0
3534 0
3535 2
3536 2
3537 0
3538 4
3539 1
3540 3
3541 1
3542 1
3543 3
3544 2
3545 1
3546 1
3547 1
3548 1
3549 1
3550 1
3551 1
3552 0
3553 3
3554 2
3555 1
3556 0
3557 0
3558 1
3559 0
3560 1
3561 1
3562 0
3563 0
3564 0
3565 0
3566 0
3567 2
3568 2
3569 0
3570 1
3571 1
3572 1
3573 2
3574 4
3575 0
3576 0
3577 0
3578 0
3579 2
3580 1
3581 0
3582 0
3583 1
3584 0
3585 1
3586 1
3587 2
3588 2
3589 0
3590 0
3591 0
3592 0
3593 1
3594 0
3595 3
3596 4
3597 0
3598 1
3599 0
3600 1
3601 2
3602 1
3603 1
3604 1
3605 0
3606 0
3607 0
3608 1
3609 0
3610 0
3611 1
3612 0
3613 1
3614 0
3615 1
3616 0
3617 0
3618 0
3619 0
3620 0
3621 2
3622 2
3623 2
3624 1
3625 0
3626 2
3627 0
3628 0
3629 1
3630 0
3631 0
3632 2
3633 2
3634 0
3635 3
3636 2
3637 2
3638 3
3639 1
3640 2
3641 2
3642 0
3643 2
3644 1
3645 1
3646 1
3647 2
3648 0
3649 1
3650 1
3651 1
3652 1
3653 3
3654 0
3655 3
3656 1
3657 0
3658 0
3659 2
3660 2
3661 2
3662 0
3663 0
3664 2
3665 1
3666 1
3667 1
3668 1
3669 2
3670 2
3671 0
3672 1
3673 1
3674 0
3675 3
3676 1
3677 2
3678 1
3679 1
3680 1
3681 0
3682 3
3683 1
3684 1
3685 2
3686 1
3687 0
3688 3
3689 1
3690 0
3691 2
3692 0
3693 0
3694 0
3695 1
3696 1
3697 1
3698 1
3699 0
3700 1
3701 1
3702 1
3703 2
3704 0
3705 3
3706 1
3707 1
3708 1
3709 2
3710 0
3711 0
3712 0
3713 0
3714 0
3715 3
3716 1
3717 0
3718 0
3719 1
3720 2
3721 2
3722 1
3723 2
3724 0
3725 2
3726 3
3727 1
3728 1
3729 3
3730 3
3731 0
3732 1
3733 1
3734 1
3735 0
3736 0
3737 2
3738 0
3739 1
3740 0
3741 0
3742 2
3743 1
3744 2
3745 1
3746 1
3747 3
3748 2
3749 0
3750 0
3751 1
3752 0
3753 3
3754 1
3755 1
3756 1
3757 2
3758 1
3759 2
3760 2
3761 0
3762 2
3763 1
3764 0
3765 0
3766 1
3767 1
3768 0
3769 0
3770 0
3771 1
3772 0
3773 1
3774 1
3775 1
3776 0
3777 1
3778 1
3779 0
3780 1
3781 1
3782 0
3783 2
3784 1
3785 0
3786 1
3787 0
3788 0
3789 1
3790 3
3791 0
3792 1
3793 1
3794 2
3795 1
3796 0
3797 1
3798 0
3799 0
3800 0
3801 1
3802 0
3803 0
3804 3
3805 1
3806 0
3807 0
3808 1
3809 0
3810 1
3811 1
3812 1
3813 0
3814 1
3815 0
3816 2
3817 1
3818 1
3819 1
3820 1
3821 3
3822 1
3823 0
3824 2
3825 1
3826 1
3827 1
3828 3
3829 1
3830 1
3831 1
3832 1
3833 1
3834 0
3835 0
3836 0
3837 3
3838 1
3839 1
3840 2
3841 2
3842 0
3843 2
3844 3
3845 0
3846 1
3847 1
3848 1
3849 3
3850 1
3851 1
3852 1
3853 0
3854 0
3855 1
3856 0
3857 0
3858 2
3859 2
3860 2
3861 2
3862 1
3863 0
3864 1
3865 0
3866 1
3867 1
3868 0
3869 0
3870 0
3871 0
3872 0
3873 2
3874 2
3875 0
3876 0
3877 1
3878 1
3879 1
3880 1
3881 0
3882 2
3883 0
3884 2
3885 1
3886 1
3887 1
3888 1
3889 3
3890 2
3891 1
3892 0
3893 1
3894 0
3895 1
3896 0
3897 2
3898 2
3899 2
3900 1
3901 2
3902 0
3903 0
3904 1
3905 0
3906 2
3907 1
3908 2
3909 0
3910 1
3911 2
3912 2
3913 2
3914 0
3915 2
3916 0
3917 1
3918 0
3919 1
3920 3
3921 0
3922 1
3923 1
3924 1
3925 1
3926 0
3927 2
3928 2
3929 1
3930 2
3931 1
3932 3
3933 0
3934 1
3935 2
3936 0
3937 1
3938 1
3939 1
3940 0
3941 0
3942 1
3943 1
3944 2
3945 3
3946 2
3947 0
3948 0
3949 1
3950 0
3951 1
3952 0
3953 2
3954 0
3955 1
3956 1
3957 2
3958 1
3959 2
3960 3
3961 0
3962 1
3963 2
3964 0
3965 0
3966 0
3967 1
3968 0
3969 0
3970 0
3971 1
3972 2
3973 1
3974 2
3975 1
3976 0
3977 0
3978 1
3979 1
3980 0
3981 1
3982 2
3983 1
3984 1
3985 1
3986 1
3987 0
3988 1
3989 3
3990 2
3991 1
3992 0
3993 2
3994 0
3995 1
3996 1
3997 1
3998 0
3999 1
4000 0
4001 2
4002 0
4003 0
4004 0
4005 1
4006 1
4007 0
4008 0
4009 0
4010 0
4011 2
4012 1
4013 2
4014 2
4015 1
4016 1
4017 0
4018 1
4019 1
4020 1
4021 1
4022 1
4023 1
4024 1
4025 0
4026 0
4027 0
4028 1
4029 1
4030 0
4031 0
4032 0
4033 0
4034 2
4035 0
4036 0
4037 1
4038 0
4039 0
4040 1
4041 0
4042 1
4043 1
4044 1
4045 0
4046 3
4047 2
4048 3
4049 0
4050 0
4051 1
4052 1
4053 0
4054 1
4055 1
4056 1
4057 1
4058 0
4059 4
4060 1
4061 1
4062 1
4063 2
4064 3
4065 2
4066 3
4067 1
4068 1
4069 1
4070 1
4071 0
4072 1
4073 1
4074 0
4075 2
4076 0
4077 1
4078 2
4079 0
4080 3
4081 1
4082 0
4083 0
4084 2
4085 2
4086 3
4087 0
4088 2
4089 0
4090 2
4091 0
4092 1
4093 0
4094 1
4095 0
4096 1
4097 1
4098 1
4099 3
4100 0
4101 0
4102 1
4103 3
4104 0
4105 2
4106 1
4107 0
4108 4
4109 0
4110 1
4111 1
4112 0
4113 2
4114 0
4115 2
4116 2
4117 0
4118 0
4119 0
4120 0
4121 2
4122 0
4123 0
4124 2
4125 1
4126 2
4127 1
4128 0
4129 2
4130 0
4131 0
4132 0
4133 1
4134 1
4135 3
4136 1
4137 1
4138 1
4139 6
4140 1
4141 0
4142 2
4143 2
4144 2
4145 0
4146 0
4147 1
4148 2
4149 0
4150 0
4151 1
4152 1
4153 1
4154 0
4155 0
4156 0
4157 0
4158 0
4159 0
4160 1
4161 3
4162 0
4163 1
4164 1
4165 3
4166 0
4167 3
4168 1
4169 0
4170 1
4171 2
4172 0
4173 0
4174 0
4175 0
4176 3
4177 1
4178 0
4179 3
4180 0
4181 2
4182 1
4183 1
4184 0
4185 1
4186 0
4187 3
4188 1
4189 4
4190 3
4191 1
4192 1
4193 2
4194 1
4195 1
4196 1
4197 0
4198 1
4199 2
4200 0
4201 1
4202 1
4203 0
4204 1
4205 2
4206 1
4207 1
4208 1
4209 1
4210 0
4211 3
4212 1
4213 2
4214 5
4215 0
4216 0
4217 1
4218 1
4219 0
4220 2
4221 2
4222 1
4223 0
4224 2
4225 0
4226 3
4227 2
4228 2
4229 1
4230 0
4231 2
4232 2
4233 0
4234 1
4235 2
4236 2
4237 1
4238 0
4239 0
4240 0
4241 3
4242 0
4243 3
4244 1
4245 1
4246 3
4247 1
4248 1
4249 2
4250 0
4251 2
4252 2
4253 0
4254 2
4255 0
4256 1
4257 1
4258 2
4259 1
4260 4
4261 1
4262 2
4263 1
4264 0
4265 0
4266 0
4267 0
4268 1
4269 1
4270 0
4271 0
4272 1
4273 2
4274 2
4275 1
4276 0
4277 2
4278 0
4279 1
4280 1
4281 1
4282 2
4283 1
4284 2
4285 0
4286 0
4287 0
4288 0
4289 0
4290 1
4291 1
4292 0
4293 1
4294 1
4295 0
4296 2
4297 1
4298 0
4299 1
4300 0
4301 1
4302 0
4303 1
4304 2
4305 1
4306 1
4307 0
4308 2
4309 1
4310 2
4311 1
4312 1
4313 0
4314 2
4315 2
4316 1
4317 3
4318 2
4319 1
4320 1
4321 2
4322 3
4323 1
4324 0
4325 1
4326 2
4327 1
4328 2
4329 1
4330 2
4331 0
4332 0
4333 3
4334 2
4335 1
4336 3
4337 0
4338 1
4339 1
4340 0
4341 1
4342 0
4343 1
4344 4
4345 0
4346 2
4347 0
4348 2
4349 0
4350 0
4351 3
4352 1
4353 1
4354 0
4355 1
4356 2
4357 0
4358 0
4359 1
4360 0
4361 0
4362 1
4363 1
4364 0
4365 2
4366 5
4367 1
4368 1
4369 2
4370 0
4371 2
4372 0
4373 0
4374 0
4375 0
4376 0
4377 0
4378 2
4379 0
4380 0
4381 0
4382 0
4383 1
4384 1
4385 0
4386 0
4387 0
4388 0
4389 1
4390 0
4391 1
4392 0
4393 1
4394 0
4395 2
4396 0
4397 0
4398 3
4399 0
4400 2
4401 1
4402 1
4403 2
4404 1
4405 3
4406 0
4407 2
4408 0
4409 1
4410 1
4411 0
4412 0
4413 5
4414 0
4415 0
4416 3
4417 1
4418 1
4419 0
4420 1
4421 2
4422 1
4423 1
4424 0
4425 0
4426 1
4427 0
4428 2
4429 1
4430 0
4431 3
4432 3
4433 3
4434 2
4435 3
4436 0
4437 1
4438 3
4439 0
4440 0
4441 1
4442 0
4443 1
4444 0
4445 0
4446 1
4447 2
4448 0
4449 1
4450 1
4451 0
4452 2
4453 0
4454 2
4455 3
4456 3
4457 0
4458 2
4459 1
4460 0
4461 0
4462 2
4463 1
4464 1
4465 0
4466 1
4467 1
4468 1
4469 1
4470 0
4471 2
4472 1
4473 2
4474 0
4475 3
4476 2
4477 1
4478 0
4479 1
4480 1
4481 0
4482 1
4483 1
4484 0
4485 1
4486 1
4487 3
4488 2
4489 0
4490 0
4491 1
4492 0
4493 0
4494 1
4495 1
4496 0
4497 1
4498 1
4499 0
4500 2
4501 2
4502 0
4503 1
4504 1
4505 2
4506 3
4507 1
4508 5
4509 2
4510 1
4511 0
4512 2
4513 2
4514 0
4515 1
4516 0
4517 0
4518 2
4519 1
4520 2
4521 2
4522 4
4523 2
4524 2
4525 1
4526 0
4527 1
4528 2
4529 0
4530 1
4531 0
4532 1
4533 0
4534 0
4535 2
4536 1
4537 1
4538 2
4539 3
4540 0
4541 0
4542 1
4543 0
4544 1
4545 1
4546 1
4547 0
4548 1
4549 0
4550 3
4551 0
4552 1
4553 1
4554 1
4555 0
4556 1
4557 0
4558 0
4559 0
4560 1
4561 3
4562 0
4563 4
4564 0
4565 0
4566 0
4567 0
4568 1
4569 3
4570 1
4571 1
4572 4
4573 0
4574 0
4575 0
4576 1
4577 0
4578 1
4579 1
4580 1
4581 1
4582 1
4583 2
4584 1
4585 2
4586 0
4587 0
4588 0
4589 0
4590 0
4591 0
4592 2
4593 2
4594 0
4595 2
4596 0
4597 3
4598 1
4599 1
4600 1
4601 1
4602 0
4603 1
4604 4
4605 2
4606 2
4607 1
4608 2
4609 3
4610 0
4611 1
4612 2
4613 0
4614 2
4615 0
4616 0
4617 1
4618 0
4619 0
4620 1
4621 0
4622 0
4623 2
4624 4
4625 2
4626 1
4627 1
4628 1
4629 0
4630 1
4631 3
4632 0
4633 0
4634 0
4635 0
4636 1
4637 4
4638 0
4639 0
4640 2
4641 1
4642 1
4643 1
4644 1
4645 0
4646 1
4647 0
4648 1
4649 1
4650 1
4651 1
4652 0
4653 3
4654 0
4655 1
4656 0
4657 0
4658 1
4659 3
4660 0
4661 2
4662 1
4663 3
4664 1
4665 4
4666 0
4667 1
4668 0
4669 2
4670 2
4671 4
4672 1
4673 0
4674 2
4675 0
4676 3
4677 1
4678 0
4679 0
4680 2
4681 3
4682 1
4683 1
4684 1
4685 2
4686 2
4687 2
4688 1
4689 1
4690 1
4691 2
4692 0
4693 3
4694 1
4695 2
4696 1
4697 1
4698 1
4699 1
4700 2
4701 0
4702 1
4703 1
4704 5
4705 1
4706 0
4707 0
4708 1
4709 3
4710 0
4711 3
4712 0
4713 3
4714 1
4715 0
4716 2
4717 2
4718 2
4719 2
4720 1
4721 0
4722 1
4723 0
4724 0
4725 3
4726 0
4727 2
4728 0
4729 1
4730 1
4731 0
4732 0
4733 3
4734 0
4735 0
4736 3
4737 3
4738 1
4739 2
4740 2
4741 1
4742 0
4743 1
4744 3
4745 2
4746 2
4747 0
4748 0
4749 2
4750 1
4751 0
4752 2
4753 0
4754 2
4755 2
4756 0
4757 2
4758 1
4759 1
4760 1
4761 1
4762 1
4763 0
4764 0
4765 0
4766 1
4767 0
4768 3
4769 2
4770 2
4771 2
4772 1
4773 0
4774 1
4775 2
4776 0
4777 1
4778 1
4779 1
4780 1
4781 0
4782 1
4783 0
4784 0
4785 1
4786 1
4787 0
4788 1
4789 1
4790 0
4791 1
4792 2
4793 1
4794 1
4795 1
4796 2
4797 0
4798 1
4799 1
4800 0
4801 2
4802 1
4803 1
4804 1
4805 0
4806 0
4807 0
4808 1
4809 0
4810 1
4811 2
4812 2
4813 0
4814 3
4815 0
4816 1
4817 1
4818 0
4819 3
4820 1
4821 1
4822 1
4823 0
4824 2
4825 4
4826 1
4827 1
4828 1
4829 2
4830 0
4831 1
4832 1
4833 1
4834 0
4835 0
4836 1
4837 0
4838 0
4839 0
4840 1
4841 1
4842 2
4843 4
4844 2
4845 3
4846 0
4847 1
4848 0
4849 3
4850 1
4851 1
4852 1
4853 1
4854 3
4855 1
4856 0
4857 1
4858 0
4859 0
4860 0
4861 0
4862 0
4863 0
4864 1
4865 0
4866 0
4867 2
4868 1
4869 0
4870 3
4871 1
4872 0
4873 1
4874 1
4875 2
4876 2
4877 0
4878 1
4879 0
4880 0
4881 1
4882 4
4883 2
4884 3
4885 0
4886 1
4887 1
4888 1
4889 4
4890 2
4891 2
4892 1
4893 0
4894 0
4895 3
4896 1
4897 0
4898 2
4899 0
4900 1
4901 1
4902 0
4903 0
4904 0
4905 0
4906 0
4907 1
4908 0
4909 3
4910 2
4911 0
4912 0
4913 0
4914 1
4915 1
4916 1
4917 0
4918 0
4919 1
4920 0
4921 1
4922 1
4923 1
4924 0
4925 1
4926 2
4927 1
4928 0
4929 0
4930 0
4931 1
4932 1
4933 0
4934 1
4935 0
4936 0
4937 1
4938 2
4939 0
4940 2
4941 2
4942 2
4943 1
4944 1
4945 0
4946 0
4947 1
4948 0
4949 1
4950 0
4951 1
4952 1
4953 0
4954 2
4955 0
4956 0
4957 0
4958 1
4959 1
4960 0
4961 0
4962 2
4963 1
4964 1
4965 1
4966 1
4967 0
4968 0
4969 3
4970 1
4971 1
4972 1
4973 2
4974 2
4975 3
4976 1
4977 2
4978 0
4979 0
4980 1
4981 0
4982 1
4983 0
4984 2
4985 1
4986 2
4987 0
4988 1
4989 0
4990 0
4991 2
4992 0
4993 1
4994 2
4995 0
4996 0
4997 2
4998 2
4999 2
5000 3
5001 2
5002 0
5003 2
5004 2
5005 1
5006 0
5007 2
5008 0
5009 0
5010 2
5011 3
5012 1
5013 2
5014 1
5015 0
5016 1
5017 1
5018 0
5019 0
5020 2
5021 2
5022 1
5023 0
5024 2
5025 1
5026 1
5027 2
5028 3
5029 2
5030 0
5031 2
5032 1
5033 1
5034 1
5035 3
5036 0
5037 0
5038 2
5039 2
5040 0
5041 0
5042 2
5043 1
5044 2
5045 0
5046 3
5047 0
5048 0
5049 0
5050 1
5051 0
5052 0
5053 0
5054 2
5055 1
5056 0
5057 0
5058 1
5059 0
5060 1
5061 0
5062 0
5063 0
5064 0
5065 3
5066 1
5067 2
5068 0
5069 1
5070 1
5071 0
5072 0
5073 2
5074 5
5075 1
5076 0
5077 2
5078 1
5079 1
5080 4
5081 0
5082 3
5083 0
5084 2
5085 3
5086 0
5087 0
5088 1
5089 0
5090 0
5091 0
5092 1
5093 1
5094 2
5095 0
5096 1
5097 0
5098 1
5099 2
5100 2
5101 2
5102 1
5103 2
5104 2
5105 0
5106 2
5107 0
5108 0
5109 0
5110 1
5111 1
5112 1
5113 0
5114 1
5115 3
5116 3
5117 1
5118 1
5119 0
5120 0
5121 1
5122 2
5123 1
5124 2
5125 0
5126 3
5127 1
5128 0
5129 0
5130 0
5131 1
5132 2
5133 0
5134 1
5135 1
5136 1
5137 1
5138 1
5139 3
5140 0
5141 2
5142 2
5143 3
5144 1
5145 2
5146 2
5147 1
5148 3
5149 2
5150 0
5151 2
5152 1
5153 2
5154 3
5155 3
5156 2
5157 1
5158 2
5159 1
5160 1
5161 4
5162 2
5163 0
5164 0
5165 0
5166 3
5167 2
5168 1
5169 1
5170 0
5171 0
5172 0
5173 1
5174 1
5175 1
5176 1
5177 3
5178 3
5179 2
5180 1
5181 1
5182 1
5183 0
5184 0
5185 0
5186 1
5187 3
5188 1
5189 0
5190 0
5191 1
5192 3
5193 3
5194 0
5195 1
5196 1
5197 1
5198 0
5199 0
5200 1
5201 0
5202 0
5203 1
5204 0
5205 1
5206 1
5207 1
5208 3
5209 1
5210 2
5211 0
5212 0
5213 1
5214 2
5215 0
5216 1
5217 0
5218 2
5219 3
5220 1
5221 1
5222 2
5223 2
5224 0
5225 2
5226 1
5227 0
5228 2
5229 0
5230 0
5231 3
5232 1
5233 0
5234 1
5235 0
5236 0
5237 0
5238 0
5239 1
5240 1
5241 3
5242 0
5243 0
5244 1
5245 1
5246 1
5247 1
5248 1
5249 0
5250 0
5251 1
5252 0
5253 0
5254 0
5255 1
5256 1
5257 0
5258 0
5259 1
5260 2
5261 0
5262 0
5263 2
5264 1
5265 0
5266 0
5267 1
5268 0
5269 0
5270 0
5271 2
5272 0
5273 0
5274 0
5275 3
5276 2
5277 1
5278 0
5279 1
5280 0
5281 0
5282 2
5283 2
5284 1
5285 2
5286 2
5287 0
5288 0
5289 1
5290 0
5291 0
5292 0
5293 3
5294 1
5295 0
5296 2
5297 2
5298 0
5299 0
5300 2
5301 0
5302 1
5303 1
5304 0
5305 2
5306 0
5307 0
5308 0
5309 0
5310 0
5311 0
5312 2
5313 2
5314 0
5315 0
5316 0
5317 1
5318 1
5319 1
5320 1
5321 1
5322 1
5323 0
5324 0
5325 0
5326 1
5327 0
5328 0
5329 0
5330 0
5331 1
5332 2
5333 0
5334 1
5335 0
5336 0
5337 1
5338 2
5339 1
5340 2
5341 3
5342 1
5343 1
5344 1
5345 1
5346 1
5347 0
5348 0
5349 0
5350 1
5351 1
5352 0
5353 2
5354 2
5355 1
5356 1
5357 2
5358 0
5359 1
5360 2
5361 1
5362 2
5363 0
5364 1
5365 2
5366 2
5367 1
5368 1
5369 0
5370 0
5371 2
5372 0
5373 0
5374 0
5375 1
5376 0
5377 3
5378 1
5379 2
5380 3
5381 1
5382 0
5383 3
5384 1
5385 1
5386 0
5387 0
5388 1
5389 0
5390 0
5391 0
5392 2
5393 1
5394 0
5395 2
5396 1
5397 2
5398 1
5399 0
5400 1
5401 0
5402 1
5403 1
5404 1
5405 2
5406 0
5407 3
5408 2
5409 0
5410 0
5411 0
5412 1
5413 0
5414 1
5415 1
5416 0
5417 0
5418 1
5419 0
5420 0
5421 0
5422 1
5423 0
5424 0
5425 1
5426 0
5427 0
5428 0
5429 1
5430 1
5431 0
5432 0
5433 0
5434 1
5435 4
5436 1
5437 0
5438 2
5439 1
5440 1
5441 0
5442 1
5443 0
5444 3
5445 0
5446 0
5447 2
5448 1
5449 0
5450 2
5451 2
5452 0
5453 0
5454 0
5455 1
5456 2
5457 1
5458 3
5459 0
5460 2
5461 0
5462 0
5463 2
5464 0
5465 1
5466 0
5467 1
5468 1
5469 0
5470 0
5471 0
5472 0
5473 0
5474 0
5475 1
5476 1
5477 0
5478 1
5479 1
5480 2
5481 1
5482 0
5483 1
5484 1
5485 2
5486 0
5487 2
5488 2
5489 1
5490 0
5491 0
5492 0
5493 3
5494 0
5495 0
5496 1
5497 0
5498 2
5499 1
5500 0
5501 1
5502 2
5503 1
5504 0
5505 2
5506 1
5507 3
5508 1
5509 0
5510 0
5511 0
5512 0
5513 1
5514 3
5515 1
5516 1
5517 1
5518 1
5519 1
5520 1
5521 0
5522 2
5523 0
5524 0
5525 0
5526 0
5527 2
5528 1
5529 0
5530 2
5531 1
5532 1
5533 0
5534 1
5535 0
5536 1
5537 0
5538 0
5539 0
5540 2
5541 0
5542 0
5543 0
5544 2
5545 0
5546 0
5547 0
5548 1
5549 0
5550 1
5551 1
5552 1
5553 1
5554 1
5555 0
5556 0
5557 1
5558 2
5559 1
5560 0
5561 3
5562 3
5563 0
5564 0
5565 0
5566 2
5567 3
5568 2
5569 4
5570 0
5571 1
5572 1
5573 0
5574 2
5575 1
5576 1
5577 1
5578 1
5579 1
5580 0
5581 2
5582 0
5583 0
5584 1
5585 3
5586 1
5587 0
5588 0
5589 0
5590 1
5591 2
5592 1
5593 1
5594 1
5595 0
5596 0
5597 3
5598 1
5599 2
5600 2
5601 1
5602 0
5603 0
5604 1
5605 2
5606 3
5607 1
5608 1
5609 2
5610 2
5611 1
5612 3
5613 0
5614 0
5615 0
5616 1
5617 1
5618 4
5619 0
5620 0
5621 1
5622 2
5623 0
5624 2
5625 1
5626 1
5627 1
5628 0
5629 1
5630 0
5631 3
5632 0
5633 0
5634 1
5635 2
5636 1
5637 0
5638 2
5639 1
5640 2
5641 1
5642 0
5643 2
5644 1
5645 0
5646 0
5647 2
5648 0
5649 1
5650 0
5651 0
5652 2
5653 1
5654 1
5655 0
5656 1
5657 0
5658 0
5659 0
5660 1
5661 0
5662 0
5663 4
5664 2
5665 0
5666 3
5667 1
5668 0
5669 0
5670 1
5671 2
5672 0
5673 0
5674 2
5675 0
5676 3
5677 0
5678 0
5679 0
5680 1
5681 1
5682 1
5683 1
5684 1
5685 3
5686 1
5687 1
5688 0
5689 3
5690 2
5691 0
5692 0
5693 2
5694 1
5695 1
5696 0
5697 0
5698 3
5699 2
5700 3
5701 0
5702 2
5703 1
5704 0
5705 0
5706 1
5707 3
5708 1
5709 1
5710 0
5711 0
5712 1
5713 1
5714 3
5715 1
5716 0
5717 1
5718 1
5719 1
5720 1
5721 1
5722 0
5723 0
5724 0
5725 0
5726 0
5727 1
5728 1
5729 1
5730 1
5731 0
5732 1
5733 1
5734 1
5735 0
5736 1
5737 3
5738 0
5739 1
5740 0
5741 2
5742 0
5743 1
5744 2
5745 1
5746 0
5747 0
5748 1
5749 0
5750 2
5751 0
5752 0
5753 0
5754 1
5755 0
5756 4
5757 4
5758 1
5759 3
5760 0
5761 1
5762 1
5763 0
5764 0
5765 3
5766 1
5767 1
5768 1
5769 2
5770 0
5771 0
5772 3
5773 1
5774 1
5775 2
5776 0
5777 0
5778 0
5779 4
5780 3
5781 0
5782 0
5783 1
5784 0
5785 1
5786 2
5787 1
5788 2
5789 0
5790 2
5791 2
5792 2
5793 1
5794 1
5795 1
5796 1
5797 0
5798 0
5799 2
5800 2
5801 1
5802 3
5803 0
5804 1
5805 1
5806 0
5807 0
5808 0
5809 1
5810 1
5811 3
5812 1
5813 0
5814 2
5815 0
5816 0
5817 1
5818 1
5819 0
5820 1
5821 0
5822 0
5823 2
5824 2
5825 0
5826 1
5827 3
5828 0
5829 2
5830 1
5831 1
5832 2
5833 0
5834 1
5835 1
5836 2
5837 0
5838 0
5839 0
5840 0
5841 2
5842 1
5843 1
5844 0
5845 0
5846 1
5847 1
5848 1
5849 2
5850 1
5851 2
5852 0
5853 1
5854 2
5855 2
5856 0
5857 0
5858 2
5859 1
5860 1
5861 0
5862 0
5863 3
5864 1
5865 1
5866 1
5867 0
5868 0
5869 1
5870 0
5871 1
5872 0
5873 0
5874 1
5875 1
5876 2
5877 1
5878 1
5879 1
5880 1
5881 0
5882 0
5883 1
5884 0
5885 0
5886 0
5887 0
5888 0
5889 0
5890 1
5891 2
5892 1
5893 2
5894 0
5895 0
5896 4
5897 3
5898 0
5899 0
5900 0
5901 1
5902 2
5903 0
5904 1
5905 2
5906 1
5907 1
5908 2
5909 3
5910 1
5911 1
5912 0
5913 2
5914 1
5915 2
5916 0
5917 1
5918 2
5919 0
5920 1
5921 0
5922 1
5923 2
5924 1
5925 2
5926 2
5927 2
5928 0
5929 2
5930 1
5931 0
5932 1
5933 0
5934 2
5935 3
5936 0
5937 0
5938 2
5939 0
5940 3
5941 1
5942 0
5943 1
5944 1
5945 0
5946 0
5947 1
5948 4
5949 0
5950 1
5951 2
5952 2
5953 0
5954 0
5955 1
5956 1
5957 2
5958 3
5959 0
5960 1
5961 0
5962 2
5963 0
5964 0
5965 0
5966 2
5967 1
5968 1
5969 4
5970 1
5971 2
5972 0
5973 0
5974 3
5975 2
5976 0
5977 1
5978 1
5979 0
5980 2
5981 0
5982 1
5983 1
5984 0
5985 0
5986 1
5987 1
5988 0
5989 2
5990 1
5991 1
5992 2
5993 0
5994 1
5995 1
5996 0
5997 0
5998 0
5999 1
6000 2
6001 1
6002 0
6003 0
6004 1
6005 2
6006 0
6007 0
6008 0
6009 1
6010 0
6011 1
6012 1
6013 0
6014 0
6015 2
6016 1
6017 1
6018 0
6019 2
6020 2
6021 0
6022 1
6023 1
6024 0
6025 1
6026 2
6027 1
6028 0
6029 0
6030 2
6031 1
6032 1
6033 1
6034 1
6035 2
6036 2
6037 0
6038 2
6039 0
6040 0
6041 0
6042 0
6043 2
6044 0
6045 2
6046 0
6047 1
6048 2
6049 1
6050 0
6051 0
6052 2
6053 1
6054 1
6055 0
6056 3
6057 2
6058 2
6059 1
6060 0
6061 0
6062 1
6063 0
6064 1
6065 2
6066 0
6067 0
6068 0
6069 0
6070 1
6071 0
6072 0
6073 0
6074 0
6075 1
6076 1
6077 0
6078 0
6079 2
6080 0
6081 2
6082 0
6083 1
6084 0
6085 0
6086 1
6087 0
6088 2
6089 0
6090 0
6091 2
6092 1
6093 0
6094 2
6095 1
6096 2
6097 1
6098 2
6099 0
6100 0
6101 0
6102 1
6103 3
6104 1
6105 1
6106 1
6107 1
6108 0
6109 1
6110 0
6111 1
6112 1
6113 1
6114 1
6115 0
6116 1
6117 1
6118 2
6119 0
6120 1
6121 1
6122 2
6123 1
6124 0
6125 1
6126 1
6127 0
6128 1
6129 0
6130 0
6131 3
6132 2
6133 1
6134 0
6135 3
6136 2
6137 0
6138 1
6139 2
6140 1
6141 3
6142 1
6143 1
6144 0
6145 2
6146 1
6147 1
6148 1
6149 2
6150 2
6151 0
6152 1
6153 1
6154 2
6155 0
6156 0
6157 1
6158 3
6159 0
6160 1
6161 0
6162 2
6163 0
6164 1
6165 1
6166 0
6167 0
6168 1
6169 1
6170 0
6171 0
6172 1
6173 0
6174 1
6175 0
6176 2
6177 1
6178 3
6179 3
6180 1
6181 2
6182 2
6183 0
6184 2
6185 2
6186 0
6187 0
6188 1
6189 2
6190 0
6191 1
6192 1
6193 1
6194 3
6195 1
6196 1
6197 0
6198 0
6199 0
6200 0
6201 1
6202 4
6203 1
6204 3
6205 0
6206 1
6207 1
6208 1
6209 1
6210 1
6211 2
6212 1
6213 1
6214 0
6215 0
6216 0
6217 0
6218 0
6219 0
6220 0
6221 2
6222 0
6223 1
6224 0
6225 0
6226 1
6227 0
6228 1
6229 2
6230 2
6231 3
6232 1
6233 2
6234 0
6235 0
6236 2
6237 1
6238 1
6239 0
6240 0
6241 1
6242 1
6243 1
6244 0
6245 2
6246 1
6247 2
6248 0
6249 1
6250 0
6251 0
6252 2
6253 1
6254 0
6255 3
6256 1
6257 4
6258 4
6259 1
6260 2
6261 1
6262 2
6263 1
6264 3
6265 2
6266 3
6267 2
6268 0
6269 2
6270 4
6271 0
6272 2
6273 0
6274 3
6275 2
6276 3
6277 1
6278 0
6279 3
6280 1
6281 1
6282 0
6283 1
6284 0
6285 5
6286 1
6287 0
6288 2
6289 0
6290 1
6291 1
6292 0
6293 0
6294 0
6295 1
6296 0
6297 1
6298 0
6299 1
6300 0
6301 0
6302 0
6303 2
6304 0
6305 1
6306 1
6307 1
6308 0
6309 1
6310 2
6311 1
6312 1
6313 3
6314 2
6315 0
6316 0
6317 2
6318 1
6319 2
6320 3
6321 0
6322 0
6323 2
6324 0
6325 1
6326 1
6327 1
6328 1
6329 0
6330 0
6331 1
6332 0
6333 0
6334 2
6335 1
6336 2
6337 2
6338 0
6339 1
6340 3
6341 1
6342 0
6343 0
6344 0
6345 0
6346 1
6347 0
6348 2
6349 0
6350 2
6351 1
6352 1
6353 1
6354 2
6355 1
6356 4
6357 1
6358 0
6359 1
6360 1
6361 0
6362 0
6363 2
6364 1
6365 1
6366 1
6367 0
6368 0
6369 1
6370 0
6371 2
6372 2
6373 0
6374 1
6375 3
6376 0
6377 1
6378 0
6379 2
6380 1
6381 1
6382 0
6383 0
6384 1
6385 0
6386 1
6387 0
6388 1
6389 2
6390 1
6391 1
6392 1
6393 1
6394 0
6395 0
6396 1
6397 1
6398 2
6399 0
6400 2
6401 1
6402 1
6403 0
6404 0
6405 1
6406 0
6407 4
6408 1
6409 1
6410 2
6411 0
6412 0
6413 2
6414 0
6415 1
6416 0
6417 1
6418 0
6419 3
6420 2
6421 1
6422 2
6423 3
6424 0
6425 0
6426 0
6427 0
6428 1
6429 2
6430 2
6431 2
6432 3
6433 2
6434 1
6435 2
6436 1
6437 3
6438 0
6439 2
6440 0
6441 0
6442 2
6443 0
6444 2
6445 1
6446 2
6447 1
6448 2
6449 1
6450 1
6451 0
6452 1
6453 0
6454 1
6455 0
6456 0
6457 0
6458 0
6459 0
6460 0
6461 0
6462 0
6463 1
6464 2
6465 1
6466 0
6467 1
6468 2
6469 1
6470 1
6471 0
6472 0
6473 0
6474 1
6475 0
6476 2
6477 0
6478 2
6479 2
6480 2
6481 0
6482 0
6483 2
6484 1
6485 0
6486 0
6487 1
6488 0
6489 1
6490 1
6491 0
6492 1
6493 1
6494 3
6495 2
6496 2
6497 0
6498 0
6499 0
6500 1
6501 3
6502 0
6503 1
6504 2
6505 0
6506 1
6507 0
6508 1
6509 1
6510 1
6511 1
6512 1
6513 0
6514 0
6515 1
6516 1
6517 0
6518 0
6519 1
6520 1
6521 1
6522 1
6523 0
6524 1
6525 0
6526 0
6527 2
6528 0
6529 0
6530 1
6531 1
6532 0
6533 1
6534 0
6535 0
6536 1
6537 0
6538 1
6539 2
6540 0
6541 2
6542 2
6543 0
6544 0
6545 0
6546 1
6547 0
6548 1
6549 0
6550 0
6551 3
6552 2
6553 0
6554 0
6555 1
6556 1
6557 1
6558 0
6559 0
6560 0
6561 0
6562 1
6563 1
6564 1
6565 0
6566 1
6567 2
6568 0
6569 2
6570 1
6571 2
6572 0
6573 3
6574 1
6575 0
6576 4
6577 1
6578 1
6579 0
6580 0
6581 0
6582 0
6583 1
6584 1
6585 1
6586 1
6587 1
6588 3
6589 2
6590 1
6591 2
6592 0
6593 0
6594 1
6595 3
6596 3
6597 1
6598 4
6599 2
6600 0
6601 2
6602 2
6603 0
6604 0
6605 1
6606 2
6607 1
6608 1
6609 3
6610 1
6611 0
6612 3
6613 2
6614 3
6615 0
6616 1
6617 0
6618 3
6619 0
6620 0
6621 1
6622 2
6623 0
6624 1
6625 2
6626 1
6627 0
6628 0
6629 1
6630 0
6631 0
6632 0
6633 1
6634 2
6635 1
6636 1
6637 0
6638 1
6639 1
6640 0
6641 2
6642 1
6643 1
6644 0
6645 2
6646 0
6647 3
6648 0
6649 0
6650 2
6651 0
6652 0
6653 0
6654 1
6655 2
6656 0
6657 0
6658 0
6659 1
6660 2
6661 0
6662 2
6663 2
6664 0
6665 1
6666 1
6667 0
6668 1
6669 3
6670 0
6671 0
6672 1
6673 1
6674 0
6675 1
6676 2
6677 1
6678 0
6679 1
6680 0
6681 1
6682 1
6683 2
6684 1
6685 2
6686 1
6687 3
6688 1
6689 1
6690 0
6691 0
6692 1
6693 0
6694 2
6695 1
6696 1
6697 1
6698 2
6699 1
6700 0
6701 1
6702 1
6703 3
6704 0
6705 0
6706 2
6707 0
6708 0
6709 1
6710 3
6711 1
6712 0
6713 0
6714 1
6715 0
6716 0
6717 1
6718 1
6719 3
6720 0
6721 0
6722 1
6723 2
6724 2
6725 1
6726 1
6727 2
6728 1
6729 1
6730 0
6731 0
6732 1
6733 1
6734 0
6735 2
6736 2
6737 2
6738 1
6739 0
6740 0
6741 2
6742 0
6743 1
6744 1
6745 1
6746 0
6747 3
6748 0
6749 0
6750 0
6751 2
6752 3
6753 0
6754 2
6755 0
6756 0
6757 0
6758 1
6759 1
6760 2
6761 0
6762 1
6763 2
6764 1
6765 2
6766 0
6767 2
6768 2
6769 0
6770 1
6771 0
6772 0
6773 3
6774 1
6775 1
6776 0
6777 0
6778 2
6779 1
6780 1
6781 1
6782 1
6783 2
6784 0
6785 0
6786 0
6787 1
6788 1
6789 0
6790 1
6791 2
6792 0
6793 1
6794 0
6795 0
6796 1
6797 3
6798 2
6799 0
6800 0
6801 0
6802 1
6803 1
6804 0
6805 0
6806 3
6807 0
6808 2
6809 0
6810 0
6811 0
6812 0
6813 3
6814 2
6815 2
6816 0
6817 1
6818 0
6819 1
6820 0
6821 0
6822 1
6823 0
6824 0
6825 1
6826 0
6827 0
6828 0
6829 1
6830 0
6831 0
6832 0
6833 1
6834 1
6835 0
6836 0
6837 0
6838 0
6839 0
6840 1
6841 0
6842 1
6843 1
6844 2
6845 0
6846 0
6847 1
6848 0
6849 0
6850 1
6851 0
6852 2
6853 0
6854 0
6855 0
6856 0
6857 0
6858 1
6859 2
6860 0
6861 0
6862 1
6863 0
6864 2
6865 0
6866 0
6867 0
6868 1
6869 0
6870 0
6871 0
6872 0
6873 0
6874 0
6875 0
6876 1
6877 0
6878 2
6879 2
6880 1
6881 0
6882 3
6883 2
6884 2
6885 0
6886 2
6887 1
6888 0
6889 1
6890 1
6891 0
6892 1
6893 1
6894 1
6895 0
6896 0
6897 2
6898 0
6899 2
6900 3
6901 1
6902 0
6903 2
6904 1
6905 1
6906 0
6907 1
6908 1
6909 3
6910 2
6911 1
6912 0
6913 2
6914 1
6915 0
6916 0
6917 2
6918 1
6919 1
6920 0
6921 0
6922 1
6923 0
6924 1
6925 0
6926 0
6927 1
6928 0
6929 0
6930 0
6931 2
6932 3
6933 0
6934 1
6935 1
6936 0
6937 1
6938 2
6939 2
6940 2
6941 0
6942 1
6943 1
6944 1
6945 1
6946 2
6947 1
6948 0
6949 2
6950 0
6951 2
6952 3
6953 1
6954 0
6955 0
6956 0
6957 0
6958 2
6959 1
6960 1
6961 1
6962 1
6963 0
6964 1
6965 2
6966 0
6967 1
6968 2
6969 1
6970 1
6971 0
6972 0
6973 2
6974 1
6975 1
6976 2
6977 1
6978 1
6979 0
6980 0
6981 0
6982 0
6983 1
6984 1
6985 0
6986 0
6987 0
6988 3
6989 0
6990 0
6991 2
6992 1
6993 0
6994 1
6995 0
6996 0
6997 0
6998 1
6999 2
7000 1
7001 0
7002 1
7003 0
7004 0
7005 0
7006 2
7007 0
7008 0
7009 0
7010 2
7011 1
7012 3
7013 1
7014 2
7015 2
7016 1
7017 0
7018 0
7019 1
7020 1
7021 1
7022 0
7023 0
7024 3
7025 1
7026 2
7027 0
7028 0
7029 2
7030 1
7031 2
7032 3
7033 1
7034 2
7035 1
7036 1
7037 1
7038 0
7039 0
7040 1
7041 3
7042 0
7043 1
7044 1
7045 2
7046 0
7047 0
7048 1
7049 1
7050 1
7051 0
7052 1
7053 2
7054 1
7055 0
7056 0
7057 2
7058 0
7059 1
7060 0
7061 0
7062 0
7063 1
7064 4
7065 2
7066 0
7067 1
7068 1
7069 2
7070 1
7071 1
7072 0
7073 0
7074 1
7075 3
7076 2
7077 1
7078 1
7079 1
7080 0
7081 0
7082 3
7083 1
7084 0
7085 0
7086 1
7087 0
7088 3
7089 0
7090 0
7091 1
7092 1
7093 1
7094 2
7095 1
7096 1
7097 0
7098 1
7099 2
7100 1
7101 0
7102 3
7103 1
7104 1
7105 0
7106 1
7107 1
7108 1
7109 1
7110 1
7111 0
7112 1
7113 0
7114 0
7115 1
7116 3
7117 1
7118 0
7119 0
7120 0
7121 1
7122 1
7123 0
7124 0
7125 1
7126 5
7127 1
7128 1
7129 1
7130 1
7131 2
7132 1
7133 0
7134 2
7135 2
7136 1
7137 1
7138 2
7139 0
7140 1
7141 2
7142 1
7143 0
7144 0
7145 1
7146 2
7147 0
7148 1
7149 1
7150 0
7151 0
7152 0
7153 1
7154 1
7155 0
7156 0
7157 0
7158 1
7159 1
7160 3
7161 2
7162 2
7163 0
7164 1
7165 1
7166 0
7167 0
7168 0
7169 3
7170 1
7171 0
7172 0
7173 1
7174 1
7175 0
7176 0
7177 2
7178 1
7179 1
7180 0
7181 1
7182 2
7183 1
7184 0
7185 1
7186 0
7187 1
7188 0
7189 0
7190 0
7191 0
7192 5
7193 2
7194 0
7195 0
7196 4
7197 1
7198 0
7199 1
7200 0
7201 0
7202 1
7203 1
7204 2
7205 2
7206 0
7207 0
7208 0
7209 0
7210 0
7211 1
7212 1
7213 1
7214 1
7215 2
7216 1
7217 1
7218 2
7219 0
7220 1
7221 0
7222 1
7223 3
7224 2
7225 1
7226 0
7227 1
7228 1
7229 2
7230 0
7231 2
7232 0
7233 0
7234 1
7235 1
7236 2
7237 3
7238 0
7239 2
7240 0
7241 0
7242 2
7243 1
7244 0
7245 0
7246 3
7247 2
7248 2
7249 0
7250 1
7251 1
7252 1
7253 0
7254 1
7255 1
7256 2
7257 1
7258 0
7259 2
7260 2
7261 1
7262 0
7263 1
7264 0
7265 1
7266 2
7267 1
7268 0
7269 2
7270 1
7271 0
7272 1
7273 0
7274 1
7275 2
7276 0
7277 1
7278 0
7279 2
7280 1
7281 0
7282 0
7283 0
7284 2
7285 0
7286 4
7287 0
7288 2
7289 1
7290 0
7291 1
7292 1
7293 2
7294 1
7295 3
7296 2
7297 1
7298 1
7299 1
7300 0
7301 0
7302 1
7303 1
7304 2
7305 0
7306 2
7307 0
7308 0
7309 2
7310 1
7311 0
7312 3
7313 2
7314 2
7315 0
7316 1
7317 2
7318 0
7319 0
7320 1
7321 0
7322 1
7323 2
7324 2
7325 0
7326 1
7327 3
7328 2
7329 2
7330 1
7331 1
7332 1
7333 2
7334 1
7335 1
7336 1
7337 0
7338 1
7339 0
7340 1
7341 3
7342 1
7343 2
7344 0
7345 1
7346 0
7347 3
7348 0
7349 2
7350 1
7351 1
7352 2
7353 0
7354 1
7355 1
7356 1
7357 2
7358 0
7359 2
7360 1
7361 2
7362 1
7363 3
7364 1
7365 0
7366 1
7367 1
7368 2
7369 1
7370 1
7371 2
7372 2
7373 2
7374 0
7375 0
7376 0
7377 2
7378 1
7379 1
7380 0
7381 3
7382 0
7383 3
7384 1
7385 1
7386 1
7387 0
7388 0
7389 0
7390 1
7391 0
7392 0
7393 0
7394 0
7395 1
7396 1
7397 1
7398 4
7399 0
7400 1
7401 1
7402 1
7403 2
7404 2
7405 1
7406 0
7407 1
7408 0
7409 1
7410 2
7411 0
7412 1
7413 0
7414 1
7415 1
7416 2
7417 0
7418 0
7419 0
7420 0
7421 2
7422 1
7423 0
7424 0
7425 1
7426 0
7427 1
7428 0
7429 1
7430 1
7431 2
7432 0
7433 0
7434 1
7435 1
7436 5
7437 2
7438 0
7439 0
7440 2
7441 0
7442 3
7443 1
7444 0
7445 0
7446 2
7447 0
7448 0
7449 2
7450 2
7451 1
7452 0
7453 0
7454 2
7455 0
7456 0
7457 2
7458 0
7459 0
7460 2
7461 3
7462 2
7463 2
7464 1
7465 1
7466 1
7467 2
7468 1
7469 0
7470 2
7471 1
7472 0
7473 0
7474 1
7475 1
7476 0
7477 3
7478 1
7479 3
7480 2
7481 1
7482 0
7483 1
7484 1
7485 2
7486 1
7487 1
7488 2
7489 0
7490 0
7491 2
7492 1
7493 1
7494 1
7495 1
7496 1
7497 1
7498 1
7499 1
7500 1
7501 3
7502 2
7503 1
7504 0
7505 0
7506 1
7507 1
7508 1
7509 1
7510 0
7511 2
7512 0
7513 0
7514 1
7515 1
7516 1
7517 0
7518 1
7519 1
7520 0
7521 0
7522 1
7523 0
7524 2
7525 2
7526 0
7527 0
7528 0
7529 0
7530 1
7531 1
7532 0
7533 0
7534 0
7535 1
7536 2
7537 1
7538 0
7539 3
7540 0
7541 1
7542 1
7543 0
7544 0
7545 2
7546 1
7547 0
7548 0
7549 2
7550 2
7551 2
7552 3
7553 0
7554 0
7555 0
7556 2
7557 0
7558 0
7559 2
7560 2
7561 1
7562 3
7563 0
7564 0
7565 1
7566 0
7567 0
7568 0
7569 2
7570 2
7571 4
7572 0
7573 2
7574 1
7575 2
7576 0
7577 0
7578 0
7579 3
7580 1
7581 0
7582 2
7583 0
7584 0
7585 3
7586 2
7587 0
7588 1
7589 1
7590 1
7591 0
7592 0
7593 1
7594 1
7595 1
7596 1
7597 1
7598 0
7599 0
7600 1
7601 1
7602 0
7603 1
7604 1
7605 1
7606 4
7607 0
7608 1
7609 1
7610 0
7611 0
7612 2
7613 0
7614 1
7615 1
7616 2
7617 0
7618 0
7619 1
7620 1
7621 3
7622 2
7623 2
7624 0
7625 2
7626 0
7627 1
7628 0
7629 1
7630 0
7631 2
7632 1
7633 2
7634 1
7635 2
7636 0
7637 0
7638 0
7639 1
7640 1
7641 1
7642 1
7643 0
7644 0
7645 1
7646 3
7647 2
7648 0
7649 2
7650 1
7651 0
7652 1
7653 0
7654 3
7655 1
7656 2
7657 0
7658 0
7659 0
7660 0
7661 0
7662 1
7663 0
7664 0
7665 2
7666 0
7667 1
7668 2
7669 0
7670 1
7671 1
7672 1
7673 0
7674 1
7675 0
7676 4
7677 0
7678 0
7679 0
7680 1
7681 1
7682 1
7683 2
7684 3
7685 1
7686 1
7687 1
7688 1
7689 0
7690 1
7691 1
7692 2
7693 0
7694 1
7695 0
7696 0
7697 0
7698 1
7699 0
7700 1
7701 2
7702 2
7703 3
7704 2
7705 0
7706 1
7707 2
7708 1
7709 2
7710 0
7711 2
7712 0
7713 0
7714 1
7715 0
7716 0
7717 2
7718 2
7719 1
7720 1
7721 1
7722 1
7723 1
7724 1
7725 2
7726 1
7727 2
7728 0
7729 1
7730 2
7731 0
7732 1
7733 1
7734 0
7735 1
7736 1
7737 0
7738 1
7739 1
7740 0
7741 1
7742 1
7743 0
7744 0
7745 1
7746 1
7747 2
7748 2
7749 1
7750 2
7751 1
7752 1
7753 0
7754 1
7755 1
7756 0
7757 1
7758 0
7759 2
7760 3
7761 0
7762 1
7763 5
7764 2
7765 1
7766 0
7767 2
7768 1
7769 1
7770 1
7771 2
7772 4
7773 2
7774 2
7775 0
7776 1
7777 2
7778 1
7779 1
7780 1
7781 1
7782 0
7783 0
7784 3
7785 1
7786 1
7787 0
7788 0
7789 0
7790 0
7791 1
7792 1
7793 3
7794 1
7795 0
7796 0
7797 1
7798 1
7799 0
7800 1
7801 0
7802 1
7803 2
7804 1
7805 3
7806 2
7807 0
7808 0
7809 2
7810 0
7811 0
7812 1
7813 0
7814 0
7815 0
7816 1
7817 0
7818 1
7819 3
7820 2
7821 1
7822 1
7823 1
7824 1
7825 0
7826 0
7827 0
7828 3
7829 3
7830 1
7831 2
7832 0
7833 1
7834 1
7835 1
7836 2
7837 1
7838 0
7839 2
7840 0
7841 1
7842 0
7843 0
7844 3
7845 0
7846 0
7847 0
7848 2
7849 2
7850 4
7851 0
7852 1
7853 0
7854 2
7855 0
7856 2
7857 0
7858 1
7859 0
7860 3
7861 0
7862 0
7863 3
7864 1
7865 2
7866 0
7867 0
7868 1
7869 2
7870 0
7871 1
7872 0
7873 0
7874 2
7875 0
7876 1
7877 1
7878 1
7879 2
7880 1
7881 2
7882 0
7883 0
7884 1
7885 0
7886 0
7887 0
7888 0
7889 0
7890 1
7891 0
7892 2
7893 1
7894 0
7895 0
7896 1
7897 1
7898 0
7899 0
7900 1
7901 2
7902 1
7903 2
7904 3
7905 1
7906 1
7907 2
7908 2
7909 3
7910 1
7911 3
7912 1
7913 0
7914 2
7915 1
7916 3
7917 0
7918 0
7919 1
7920 2
7921 2
7922 0
7923 1
7924 3
7925 2
7926 0
7927 0
7928 2
7929 2
7930 0
7931 1
7932 0
7933 0
7934 1
7935 0
7936 2
7937 0
7938 0
7939 1
7940 0
7941 0
7942 0
7943 1
7944 1
7945 1
7946 2
7947 1
7948 1
7949 1
7950 1
7951 1
7952 1
7953 2
7954 2
7955 0
7956 0
7957 3
7958 1
7959 0
7960 2
7961 0
7962 1
7963 1
7964 2
7965 0
7966 2
7967 1
7968 1
7969 0
7970 0
7971 0
7972 2
7973 2
7974 0
7975 3
7976 1
7977 1
7978 1
7979 0
7980 0
7981 0
7982 2
7983 0
7984 3
7985 0
7986 1
7987 1
7988 0
7989 2
7990 1
7991 2
7992 0
7993 0
7994 0
7995 1
7996 2
7997 0
7998 1
7999 5
8000 0
8001 0
8002 0
8003 3
8004 0
8005 1
8006 1
8007 0
8008 1
8009 4
8010 1
8011 0
8012 0
8013 0
8014 0
8015 0
8016 2
8017 2
8018 0
8019 3
8020 3
8021 1
8022 1
8023 0
8024 1
8025 2
8026 1
8027 1
8028 0
8029 0
8030 1
8031 1
8032 1
8033 2
8034 1
8035 2
8036 1
8037 0
8038 1
8039 1
8040 0
8041 0
8042 1
8043 3
8044 1
8045 1
8046 1
8047 1
8048 1
8049 2
8050 0
8051 1
8052 0
8053 1
8054 4
8055 2
8056 0
8057 0
8058 0
8059 0
8060 1
8061 0
8062 0
8063 1
8064 1
8065 1
8066 1
8067 1
8068 2
8069 0
8070 1
8071 1
8072 1
8073 1
8074 2
8075 0
8076 0
8077 0
8078 1
8079 2
8080 1
8081 3
8082 4
8083 1
8084 0
8085 2
8086 0
8087 0
8088 0
8089 0
8090 2
8091 0
8092 1
8093 1
8094 0
8095 1
8096 0
8097 4
8098 2
8099 0
8100 0
8101 1
8102 1
8103 2
8104 1
8105 1
8106 0
8107 0
8108 2
8109 1
8110 1
8111 3
8112 0
8113 0
8114 2
8115 2
8116 1
8117 1
8118 1
8119 2
8120 0
8121 1
8122 0
8123 1
8124 1
8125 1
8126 1
8127 2
8128 0
8129 0
8130 2
8131 0
8132 0
8133 1
8134 0
8135 0
8136 2
8137 2
8138 1
8139 2
8140 0
8141 2
8142 1
8143 1
8144 1
8145 2
8146 1
8147 0
8148 1
8149 0
8150 1
8151 2
8152 0
8153 0
8154 0
8155 2
8156 0
8157 0
8158 2
8159 1
8160 1
8161 0
8162 0
8163 0
8164 2
8165 0
8166 0
8167 1
8168 2
8169 2
8170 2
8171 1
8172 1
8173 0
8174 1
8175 1
8176 0
8177 0
8178 2
8179 0
8180 0
8181 2
8182 1
8183 1
8184 0
8185 1
8186 1
8187 1
8188 0
8189 1
8190 1
8191 0
8192 0
8193 0
8194 1
8195 0
8196 1
8197 1
8198 0
8199 2
8200 1
8201 0
8202 0
8203 0
8204 0
8205 3
8206 0
8207 1
8208 1
8209 1
8210 1
8211 1
8212 2
8213 2
8214 0
8215 1
8216 0
8217 0
8218 0
8219 2
8220 0
8221 1
8222 2
8223 2
8224 2
8225 2
8226 0
8227 1
8228 0
8229 2
8230 1
8231 2
8232 2
8233 0
8234 0
8235 2
8236 0
8237 1
8238 1
8239 1
8240 1
8241 1
8242 2
8243 3
8244 0
8245 1
8246 2
8247 0
8248 1
8249 0
8250 2
8251 0
8252 2
8253 2
8254 3
8255 0
8256 1
8257 1
8258 1
8259 1
8260 2
8261 2
8262 1
8263 1
8264 1
8265 2
8266 0
8267 1
8268 1
8269 0
8270 1
8271 0
8272 1
8273 1
8274 1
8275 0
8276 1
8277 3
8278 1
8279 1
8280 1
8281 1
8282 0
8283 1
8284 0
8285 2
8286 1
8287 2
8288 2
8289 0
8290 0
8291 1
8292 2
8293 0
8294 2
8295 1
8296 3
8297 1
8298 1
8299 2
8300 2
8301 1
8302 1
8303 0
8304 1
8305 1
8306 2
8307 2
8308 0
8309 0
8310 2
8311 0
8312 0
8313 0
8314 0
8315 0
8316 2
8317 2
8318 0
8319 1
8320 1
8321 2
8322 2
8323 0
8324 1
8325 1
8326 0
8327 1
8328 0
8329 0
8330 0
8331 1
8332 2
8333 1
8334 2
8335 1
8336 3
8337 2
8338 1
8339 0
8340 2
8341 0
8342 2
8343 0
8344 0
8345 2
8346 1
8347 0
8348 1
8349 3
8350 2
8351 2
8352 0
8353 6
8354 0
8355 0
8356 1
8357 1
8358 1
8359 2
8360 0
8361 1
8362 0
8363 1
8364 2
8365 1
8366 1
8367 1
8368 0
8369 1
8370 0
8371 0
8372 0
8373 0
8374 1
8375 1
8376 0
8377 0
8378 2
8379 1
8380 0
8381 1
8382 0
8383 0
8384 1
8385 1
8386 2
8387 2
8388 2
8389 2
8390 0
8391 1
8392 0
8393 3
8394 0
8395 1
8396 1
8397 1
8398 1
8399 1
8400 0
8401 2
8402 2
8403 1
8404 1
8405 1
8406 0
8407 1
8408 1
8409 4
8410 1
8411 2
8412 1
8413 0
8414 0
8415 0
8416 1
8417 2
8418 1
8419 0
8420 1
8421 1
8422 0
8423 3
8424 0
8425 4
8426 0
8427 2
8428 0
8429 2
8430 1
8431 1
8432 1
8433 2
8434 0
8435 1
8436 1
8437 0
8438 0
8439 0
8440 2
8441 2
8442 1
8443 0
8444 2
8445 1
8446 3
8447 0
8448 1
8449 4
8450 1
8451 3
8452 1
8453 0
8454 0
8455 0
8456 1
8457 2
8458 1
8459 1
8460 0
8461 1
8462 2
8463 0
8464 2
8465 2
8466 0
8467 2
8468 1
8469 1
8470 1
8471 0
8472 0
8473 2
8474 2
8475 0
8476 1
8477 1
8478 1
8479 3
8480 1
8481 1
8482 1
8483 3
8484 3
8485 1
8486 1
8487 1
8488 1
8489 0
8490 2
8491 0
8492 2
8493 0
8494 0
8495 1
8496 0
8497 1
8498 1
8499 1
8500 0
8501 1
8502 1
8503 0
8504 2
8505 1
8506 1
8507 3
8508 1
8509 0
8510 1
8511 2
8512 1
8513 4
8514 0
8515 1
8516 0
8517 1
8518 1
8519 0
8520 0
8521 2
8522 1
8523 0
8524 0
8525 0
8526 4
8527 0
8528 1
8529 0
8530 2
8531 3
8532 2
8533 0
8534 3
8535 0
8536 1
8537 0
8538 3
8539 0
8540 1
8541 1
8542 1
8543 0
8544 1
8545 1
8546 1
8547 1
8548 0
8549 1
8550 1
8551 2
8552 2
8553 0
8554 1
8555 2
8556 3
8557 2
8558 1
8559 1
8560 0
8561 0
8562 1
8563 2
8564 0
8565 0
8566 0
8567 1
8568 1
8569 1
8570 0
8571 3
8572 1
8573 1
8574 0
8575 3
8576 2
8577 1
8578 1
8579 0
8580 0
8581 0
8582 1
8583 1
8584 0
8585 0
8586 1
8587 2
8588 2
8589 0
8590 0
8591 1
8592 1
8593 0
8594 0
8595 0
8596 0
8597 0
8598 1
8599 2
8600 0
8601 1
8602 2
8603 1
8604 0
8605 0
8606 0
8607 1
8608 2
8609 0
8610 2
8611 0
8612 0
8613 0
8614 2
8615 1
8616 0
8617 2
8618 1
8619 2
8620 0
8621 0
8622 2
8623 0
8624 1
8625 2
8626 0
8627 1
8628 0
8629 1
8630 0
8631 0
8632 0
8633 0
8634 0
8635 1
8636 0
8637 2
8638 0
8639 1
8640 0
8641 0
8642 1
8643 0
8644 0
8645 0
8646 0
8647 1
8648 0
8649 2
8650 2
8651 1
8652 1
8653 2
8654 1
8655 1
8656 5
8657 2
8658 2
8659 3
8660 1
8661 0
8662 0
8663 2
8664 1
8665 1
8666 3
8667 1
8668 1
8669 1
8670 1
8671 0
8672 1
8673 4
8674 2
8675 0
8676 1
8677 3
8678 0
8679 2
8680 0
8681 0
8682 1
8683 0
8684 1
8685 0
8686 0
8687 1
8688 1
8689 1
8690 1
8691 1
8692 0
8693 2
8694 1
8695 0
8696 2
8697 1
8698 1
8699 0
8700 1
8701 1
8702 0
8703 4
8704 0
8705 0
8706 1
8707 0
8708 1
8709 0
8710 2
8711 1
8712 0
8713 1
8714 1
8715 0
8716 1
8717 0
8718 1
8719 0
8720 1
8721 0
8722 4
8723 1
8724 1
8725 0
8726 3
8727 2
8728 0
8729 1
8730 0
8731 0
8732 1
8733 0
8734 1
8735 1
8736 1
8737 1
8738 0
8739 3
8740 0
8741 2
8742 1
8743 1
8744 0
8745 2
8746 0
8747 0
8748 1
8749 0
8750 1
8751 1
8752 2
8753 0
8754 3
8755 2
8756 2
8757 0
8758 0
8759 1
8760 1
8761 0
8762 2
8763 0
8764 0
8765 0
8766 0
8767 1
8768 1
8769 3
8770 2
8771 0
8772 3
8773 2
8774 2
8775 2
8776 0
8777 1
8778 2
8779 1
8780 0
8781 1
8782 0
8783 2
8784 0
8785 3
8786 0
8787 0
8788 1
8789 1
8790 3
8791 0
8792 0
8793 3
8794 2
8795 1
8796 1
8797 0
8798 1
8799 1
8800 2
8801 1
8802 0
8803 0
8804 2
8805 1
8806 0
8807 1
8808 0
8809 1
8810 2
8811 0
8812 1
8813 0
8814 2
8815 1
8816 2
8817 1
8818 0
8819 1
8820 1
8821 1
8822 0
8823 1
8824 2
8825 1
8826 1
8827 2
8828 1
8829 1
8830 1
8831 0
8832 0
8833 2
8834 1
8835 3
8836 0
8837 0
8838 1
8839 0
8840 1
8841 0
8842 1
8843 0
8844 1
8845 3
8846 1
8847 1
8848 2
8849 1
8850 2
8851 1
8852 1
8853 0
8854 0
8855 0
8856 2
8857 0
8858 1
8859 2
8860 2
8861 1
8862 0
8863 1
8864 2
8865 1
8866 1
8867 2
8868 1
8869 0
8870 1
8871 1
8872 1
8873 2
8874 0
8875 2
8876 1
8877 4
8878 0
8879 3
8880 0
8881 0
8882 2
8883 1
8884 1
8885 1
8886 2
8887 2
8888 3
8889 1
8890 3
8891 0
8892 2
8893 1
8894 0
8895 3
8896 1
8897 1
8898 0
8899 1
8900 1
8901 0
8902 0
8903 1
8904 1
8905 1
8906 1
8907 3
8908 1
8909 1
8910 0
8911 1
8912 0
8913 1
8914 2
8915 1
8916 1
8917 1
8918 1
8919 0
8920 1
8921 0
8922 3
8923 0
8924 0
8925 3
8926 1
8927 0
8928 1
8929 0
8930 1
8931 0
8932 1
8933 0
8934 0
8935 1
8936 1
8937 3
8938 1
8939 1
8940 1
8941 0
8942 4
8943 2
8944 0
8945 0
8946 2
8947 2
8948 0
8949 0
8950 1
8951 1
8952 0
8953 1
8954 1
8955 2
8956 0
8957 0
8958 2
8959 1
8960 2
8961 0
8962 2
8963 0
8964 4
8965 0
8966 1
8967 0
8968 1
8969 0
8970 2
8971 2
8972 0
8973 2
8974 2
8975 1
8976 2
8977 2
8978 1
8979 0
8980 2
8981 2
8982 0
8983 1
8984 0
8985 0
8986 1
8987 1
8988 2
8989 0
8990 3
8991 1
8992 1
8993 0
8994 2
8995 2
8996 2
8997 2
8998 0
8999 1
9000 2
9001 0
9002 2
9003 0
9004 0
9005 1
9006 2
9007 1
9008 1
9009 2
9010 2
9011 1
9012 0
9013 3
9014 1
9015 0
9016 1
9017 2
9018 0
9019 3
9020 1
9021 1
9022 2
9023 2
9024 1
9025 1
9026 0
9027 2
9028 0
9029 0
9030 0
9031 2
9032 0
9033 0
9034 1
9035 0
9036 2
9037 0
9038 1
9039 0
9040 0
9041 0
9042 0
9043 0
9044 1
9045 1
9046 0
9047 1
9048 0
9049 1
9050 0
9051 1
9052 1
9053 1
9054 0
9055 0
9056 1
9057 1
9058 0
9059 3
9060 0
9061 4
9062 0
9063 0
9064 1
9065 0
9066 1
9067 0
9068 1
9069 1
9070 2
9071 2
9072 0
9073 1
9074 0
9075 1
9076 1
9077 1
9078 3
9079 3
9080 0
9081 1
9082 1
9083 2
9084 0
9085 2
9086 1
9087 1
9088 2
9089 0
9090 1
9091 1
9092 2
9093 1
9094 0
9095 0
9096 2
9097 2
9098 3
9099 0
9100 2
9101 1
9102 0
9103 1
9104 1
9105 1
9106 0
9107 0
9108 2
9109 3
9110 2
9111 1
9112 0
9113 1
9114 1
9115 0
9116 3
9117 2
9118 0
9119 2
9120 0
9121 1
9122 2
9123 2
9124 3
9125 2
9126 2
9127 0
9128 0
9129 2
9130 1
9131 1
9132 2
9133 2
9134 1
9135 1
9136 1
9137 0
9138 1
9139 0
9140 1
9141 0
9142 0
9143 1
9144 3
9145 2
9146 0
9147 1
9148 2
9149 0
9150 0
9151 0
9152 0
9153 0
9154 0
9155 0
9156 1
9157 2
9158 2
9159 0
9160 0
9161 1
9162 1
9163 1
9164 3
9165 2
9166 1
9167 0
9168 1
9169 1
9170 0
9171 0
9172 2
9173 0
9174 0
9175 2
9176 0
9177 1
9178 2
9179 0
9180 3
9181 2
9182 1
9183 1
9184 0
9185 0
9186 0
9187 3
9188 1
9189 0
9190 0
9191 0
9192 1
9193 0
9194 0
9195 0
9196 2
9197 3
9198 2
9199 1
9200 1
9201 1
9202 1
9203 0
9204 2
9205 1
9206 0
9207 0
9208 2
9209 1
9210 0
9211 0
9212 0
9213 0
9214 2
9215 0
9216 2
9217 1
9218 2
9219 1
9220 0
9221 2
9222 0
9223 1
9224 1
9225 1
9226 0
9227 1
9228 1
9229 1
9230 2
9231 0
9232 1
9233 1
9234 0
9235 3
9236 1
9237 2
9238 1
9239 1
9240 0
9241 3
9242 0
9243 0
9244 0
9245 1
9246 1
9247 1
9248 1
9249 2
9250 1
9251 1
9252 0
9253 1
9254 0
9255 1
9256 0
9257 0
9258 2
9259 1
9260 0
9261 2
9262 0
9263 1
9264 1
9265 3
9266 1
9267 1
9268 1
9269 2
9270 3
9271 0
9272 1
9273 0
9274 1
9275 1
9276 1
9277 0
9278 1
9279 0
9280 2
9281 3
9282 2
9283 1
9284 1
9285 3
9286 1
9287 0
9288 2
9289 2
9290 0
9291 0
9292 0
9293 1
9294 1
9295 0
9296 0
9297 0
9298 0
9299 1
9300 3
9301 2
9302 0
9303 1
9304 0
9305 0
9306 1
9307 0
9308 2
9309 0
9310 3
9311 0
9312 3
9313 1
9314 1
9315 2
9316 1
9317 0
9318 1
9319 2
9320 2
9321 2
9322 0
9323 3
9324 1
9325 1
9326 2
9327 0
9328 0
9329 0
9330 1
9331 3
9332 0
9333 0
9334 0
9335 2
9336 1
9337 1
9338 1
9339 0
9340 2
9341 1
9342 2
9343 2
9344 2
9345 0
9346 3
9347 0
9348 0
9349 1
9350 3
9351 1
9352 1
9353 0
9354 0
9355 3
9356 2
9357 1
9358 0
9359 0
9360 1
9361 0
9362 3
9363 1
9364 2
9365 0
9366 2
9367 0
9368 1
9369 3
9370 0
9371 1
9372 1
9373 1
9374 1
9375 2
9376 0
9377 0
9378 0
9379 0
9380 1
9381 1
9382 0
9383 0
9384 1
9385 2
9386 2
9387 0
9388 1
9389 0
9390 3
9391 3
9392 0
9393 1
9394 3
9395 0
9396 3
9397 0
9398 0
9399 0
9400 0
9401 1
9402 1
9403 0
9404 0
9405 1
9406 0
9407 0
9408 1
9409 4
9410 1
9411 2
9412 1
9413 1
9414 1
9415 2
9416 0
9417 1
9418 1
9419 0
9420 1
9421 1
9422 1
9423 0
9424 2
9425 1
9426 0
9427 2
9428 1
9429 1
9430 1
9431 1
9432 1
9433 1
9434 2
9435 1
9436 0
9437 2
9438 2
9439 2
9440 0
9441 0
9442 0
9443 0
9444 1
9445 0
9446 0
9447 1
9448 0
9449 1
9450 1
9451 3
9452 2
9453 3
9454 1
9455 3
9456 1
9457 0
9458 1
9459 2
9460 1
9461 0
9462 3
9463 0
9464 1
9465 0
9466 1
9467 1
9468 4
9469 1
9470 0
9471 0
9472 3
9473 2
9474 4
9475 1
9476 3
9477 2
9478 2
9479 0
9480 1
9481 0
9482 3
9483 5
9484 0
9485 3
9486 2
9487 1
9488 2
9489 1
9490 1
9491 0
9492 0
9493 0
9494 1
9495 0
9496 1
9497 1
9498 0
9499 0
9500 1
9501 1
9502 0
9503 2
9504 1
9505 3
9506 1
9507 0
9508 1
9509 3
9510 1
9511 1
9512 1
9513 1
9514 1
9515 0
9516 1
9517 2
9518 1
9519 1
9520 1
9521 0
9522 0
9523 1
9524 1
9525 1
9526 1
9527 3
9528 2
9529 0
9530 0
9531 0
9532 0
9533 3
9534 0
9535 1
9536 2
9537 2
9538 1
9539 0
9540 1
9541 1
9542 1
9543 0
9544 0
9545 1
9546 1
9547 0
9548 1
9549 2
9550 2
9551 2
9552 0
9553 2
9554 1
9555 1
9556 2
9557 1
9558 0
9559 3
9560 3
9561 0
9562 2
9563 0
9564 0
9565 0
9566 1
9567 2
9568 2
9569 1
9570 3
9571 0
9572 0
9573 0
9574 0
9575 0
9576 0
9577 2
9578 1
9579 1
9580 1
9581 2
9582 0
9583 1
9584 1
9585 0
9586 0
9587 0
9588 2
9589 0
9590 2
9591 0
9592 1
9593 0
9594 1
9595 2
9596 1
9597 3
9598 1
9599 0
9600 3
9601 1
9602 0
9603 0
9604 2
9605 3
9606 0
9607 0
9608 1
9609 3
9610 2
9611 2
9612 0
9613 0
9614 1
9615 0
9616 1
9617 0
9618 1
9619 0
9620 1
9621 0
9622 0
9623 1
9624 2
9625 0
9626 0
9627 1
9628 3
9629 2
9630 0
9631 0
9632 0
9633 3
9634 1
9635 4
9636 1
9637 1
9638 2
9639 1
9640 2
9641 1
9642 2
9643 1
9644 1
9645 1
9646 2
9647 0
9648 1
9649 0
9650 0
9651 1
9652 2
9653 2
9654 2
9655 0
9656 0
9657 1
9658 2
9659 0
9660 0
9661 0
9662 0
9663 1
9664 1
9665 1
9666 0
9667 0
9668 1
9669 0
9670 1
9671 2
9672 3
9673 0
9674 0
9675 0
9676 0
9677 1
9678 1
9679 1
9680 0
9681 1
9682 2
9683 0
9684 3
9685 1
9686 0
9687 0
9688 1
9689 0
9690 0
9691 1
9692 0
9693 0
9694 1
9695 0
9696 2
9697 3
9698 1
9699 3
9700 0
9701 1
9702 0
9703 1
9704 2
9705 0
9706 0
9707 1
9708 2
9709 0
9710 0
9711 0
9712 1
9713 0
9714 0
9715 0
9716 0
9717 2
9718 0
9719 2
9720 1
9721 3
9722 1
9723 1
9724 1
9725 1
9726 0
9727 1
9728 1
9729 2
9730 0
9731 2
9732 1
9733 0
9734 0
9735 0
9736 0
9737 1
9738 1
9739 1
9740 2
9741 0
9742 1
9743 3
9744 1
9745 3
9746 1
9747 1
9748 0
9749 0
9750 0
9751 1
9752 0
9753 3
9754 0
9755 1
9756 1
9757 0
9758 2
9759 0
9760 0
9761 1
9762 3
9763 0
9764 1
9765 1
9766 0
9767 1
9768 1
9769 3
9770 0
9771 2
9772 0
9773 1
9774 1
9775 1
9776 1
9777 1
9778 0
9779 1
9780 1
9781 2
9782 1
9783 1
9784 0
9785 0
9786 0
9787 0
9788 0
9789 1
9790 1
9791 1
9792 3
9793 0
9794 3
9795 0
9796 2
9797 2
9798 0
9799 2
9800 0
9801 0
9802 0
9803 0
9804 1
9805 1
9806 2
9807 0
9808 2
9809 1
9810 1
9811 0
9812 0
9813 1
9814 1
9815 1
9816 2
9817 4
9818 0
9819 0
9820 2
9821 0
9822 2
9823 0
9824 0
9825 0
9826 2
9827 0
9828 1
9829 1
9830 0
9831 0
9832 0
9833 2
9834 1
9835 1
9836 3
9837 3
9838 1
9839 2
9840 2
9841 1
9842 1
9843 0
9844 0
9845 1
9846 0
9847 0
9848 1
9849 1
9850 0
9851 0
9852 1
9853 1
9854 2
9855 1
9856 2
9857 1
9858 2
9859 1
9860 0
9861 2
9862 3
9863 0
9864 1
9865 0
9866 1
9867 1
9868 1
9869 0
9870 1
9871 1
9872 1
9873 1
9874 2
9875 0
9876 0
9877 0
9878 1
9879 4
9880 1
9881 0
9882 1
9883 1
9884 0
9885 0
9886 1
9887 2
9888 2
9889 1
9890 3
9891 1
9892 2
9893 1
9894 0
9895 1
9896 2
9897 3
9898 1
9899 2
9900 0
9901 1
9902 1
9903 0
9904 3
9905 1
9906 1
9907 1
9908 0
9909 1
9910 1
9911 0
9912 1
9913 1
9914 1
9915 0
9916 2
9917 1
9918 0
9919 2
9920 3
9921 1
9922 1
9923 1
9924 1
9925 2
9926 1
9927 0
9928 2
9929 0
9930 1
9931 1
9932 0
9933 1
9934 1
9935 0
9936 1
9937 1
9938 2
9939 1
9940 1
9941 1
9942 1
9943 1
9944 1
9945 0
9946 2
9947 0
9948 1
9949 1
9950 3
9951 2
9952 1
9953 0
9954 0
9955 1
9956 3
9957 2
9958 1
9959 1
9960 1
9961 1
9962 1
9963 2
9964 2
9965 1
9966 0
9967 2
9968 0
9969 0
9970 1
9971 0
9972 1
9973 0
9974 0
9975 1
9976 2
9977 2
9978 1
9979 1
9980 2
9981 3
9982 2
9983 1
9984 1
9985 1
9986 3
9987 0
9988 3
9989 0
9990 0
9991 0
9992 0
9993 0
9994 3
9995 0
9996 3
9997 1
9998 0
9999 0
10000 2
10001 1
10002 0
10003 1
10004 0
10005 0
10006 1
10007 1
10008 2
10009 0
10010 2
10011 0
10012 1
10013 2
10014 1
10015 1
10016 1
10017 3
10018 0
10019 1
10020 2
10021 0
10022 1
10023 2
10024 1
10025 0
10026 1
10027 0
10028 1
10029 1
10030 1
10031 2
10032 1
10033 1
10034 0
10035 0
10036 0
10037 1
10038 1
10039 0
10040 0
10041 3
10042 0
10043 1
10044 0
10045 0
10046 1
10047 0
10048 1
10049 1
10050 1
10051 0
10052 1
10053 1
10054 0
10055 3
10056 2
10057 3
10058 0
10059 0
10060 0
10061 1
10062 2
10063 2
10064 2
10065 1
10066 0
10067 1
10068 1
10069 1
10070 1
10071 1
10072 2
10073 1
10074 0
10075 1
10076 1
10077 1
10078 1
10079 0
10080 0
10081 2
10082 0
10083 0
10084 1
10085 1
10086 1
10087 0
10088 0
10089 2
10090 0
10091 2
10092 2
10093 1
10094 0
10095 1
10096 1
10097 3
10098 0
10099 1
10100 0
10101 2
10102 0
10103 1
10104 2
10105 0
10106 0
10107 1
10108 1
10109 0
10110 1
10111 2
10112 0
10113 1
10114 1
10115 0
10116 0
10117 0
10118 1
10119 3
10120 1
10121 2
10122 0
10123 0
10124 0
10125 0
10126 0
10127 0
10128 1
10129 1
10130 1
10131 1
10132 0
10133 1
10134 0
10135 0
10136 0
10137 0
10138 1
10139 1
10140 0
10141 1
10142 0
10143 0
10144 1
10145 0
10146 0
10147 1
10148 1
10149 1
10150 1
10151 1
10152 2
10153 0
10154 0
10155 0
10156 0
10157 0
10158 3
10159 1
10160 2
10161 2
10162 3
10163 2
10164 2
10165 2
10166 0
10167 3
10168 0
10169 0
10170 1
10171 2
10172 2
10173 2
10174 0
10175 1
10176 2
10177 1
10178 1
10179 2
10180 0
10181 0
10182 3
10183 1
10184 0
10185 1
10186 0
10187 0
10188 2
10189 2
10190 0
10191 0
10192 2
10193 2
10194 1
10195 0
10196 1
10197 1
10198 3
10199 1
10200 0
10201 1
10202 2
10203 0
10204 0
10205 1
10206 1
10207 3
10208 0
10209 2
10210 0
10211 2
10212 0
10213 1
10214 2
10215 1
10216 2
10217 1
10218 1
10219 0
10220 1
10221 1
10222 1
10223 1
10224 1
10225 2
10226 0
10227 3
10228 1
10229 3
10230 1
10231 1
10232 1
10233 0
10234 0
10235 0
10236 1
10237 0
10238 1
10239 1
10240 1
10241 0
10242 1
10243 1
10244 0
10245 1
10246 1
10247 1
10248 0
10249 1
10250 3
10251 2
10252 1
10253 1
10254 0
10255 1
10256 1
10257 1
10258 1
10259 0
10260 1
10261 1
10262 1
10263 0
10264 2
10265 2
10266 0
10267 2
10268 1
10269 0
10270 2
10271 0
10272 1
10273 1
10274 0
10275 1
10276 3
10277 0
10278 0
10279 2
10280 1
10281 0
10282 1
10283 2
10284 2
10285 0
10286 1
10287 1
10288 1
10289 1
10290 0
10291 2
10292 1
10293 1
10294 2
10295 0
10296 0
10297 2
10298 0
10299 0
10300 0
10301 0
10302 0
10303 1
10304 0
10305 2
10306 3
10307 1
10308 0
10309 2
10310 1
10311 3
10312 0
10313 1
10314 0
10315 1
10316 2
10317 0
10318 1
10319 0
10320 0
10321 3
10322 1
10323 0
10324 1
10325 2
10326 2
10327 1
10328 2
10329 1
10330 1
10331 0
10332 2
10333 1
10334 0
10335 1
10336 2
10337 3
10338 2
10339 0
10340 0
10341 1
10342 1
10343 1
10344 0
10345 2
10346 0
10347 2
10348 0
10349 0
10350 1
10351 1
10352 2
10353 0
10354 1
10355 1
10356 1
10357 1
10358 0
10359 2
10360 1
10361 1
10362 0
10363 1
10364 1
10365 2
10366 1
10367 1
10368 0
10369 1
10370 2
10371 1
10372 0
10373 0
10374 0
10375 1
10376 0
10377 1
10378 2
10379 0
10380 2
10381 0
10382 2
10383 2
10384 1
10385 3
10386 0
10387 2
10388 0
10389 0
10390 1
10391 1
10392 1
10393 0
10394 2
10395 1
10396 0
10397 0
10398 2
10399 0
10400 0
10401 1
10402 0
10403 0
10404 2
10405 0
10406 5
10407 0
10408 0
10409 2
10410 3
10411 2
10412 0
10413 1
10414 2
10415 0
10416 0
10417 1
10418 2
10419 1
10420 1
10421 0
10422 1
10423 0
10424 1
10425 0
10426 0
10427 0
10428 1
10429 4
10430 0
10431 1
10432 1
10433 0
10434 0
10435 1
10436 0
10437 0
10438 0
10439 1
10440 1
10441 1
10442 0
10443 0
10444 2
10445 2
10446 2
10447 1
10448 3
10449 0
10450 2
10451 2
10452 0
10453 1
10454 2
10455 1
10456 0
10457 0
10458 0
10459 0
10460 0
10461 0
10462 0
10463 3
10464 0
10465 2
10466 3
10467 0
10468 1
10469 1
10470 0
10471 1
10472 2
10473 3
10474 2
10475 1
10476 1
10477 0
10478 1
10479 0
10480 2
10481 1
10482 1
10483 0
10484 1
10485 2
10486 0
10487 0
10488 2
10489 3
10490 0
10491 1
10492 0
10493 1
10494 0
10495 1
10496 3
10497 2
10498 3
10499 0
10500 0
10501 0
10502 0
10503 1
10504 2
10505 1
10506 1
10507 0
10508 1
10509 5
10510 1
10511 1
10512 1
10513 1
10514 2
10515 1
10516 1
10517 0
10518 1
10519 2
10520 1
10521 2
10522 1
10523 2
10524 1
10525 0
10526 1
10527 1
10528 1
10529 2
10530 2
10531 0
10532 1
10533 2
10534 1
10535 1
10536 0
10537 2
10538 4
10539 2
10540 2
10541 2
10542 0
10543 1
10544 0
10545 1
10546 2
10547 0
10548 2
10549 2
10550 1
10551 0
10552 2
10553 1
10554 0
10555 1
10556 1
10557 1
10558 0
10559 1
10560 0
10561 0
10562 0
10563 0
10564 3
10565 2
10566 0
10567 3
10568 1
10569 1
10570 0
10571 1
10572 2
10573 1
10574 0
10575 1
10576 2
10577 0
10578 3
10579 1
10580 1
10581 3
10582 2
10583 1
10584 0
10585 2
10586 0
10587 0
10588 2
10589 1
10590 1
10591 0
10592 2
10593 3
10594 1
10595 1
10596 2
10597 0
10598 1
10599 2
10600 0
10601 1
10602 0
10603 2
10604 1
10605 1
10606 0
10607 2
10608 0
10609 1
10610 0
10611 1
10612 1
10613 1
10614 0
10615 1
10616 0
10617 2
10618 1
10619 2
10620 0
10621 0
10622 2
10623 2
10624 2
10625 0
10626 2
10627 2
10628 1
10629 1
10630 1
10631 1
10632 2
10633 0
10634 0
10635 1
10636 0
10637 1
10638 1
10639 1
10640 1
10641 1
10642 0
10643 0
10644 2
10645 2
10646 3
10647 0
10648 0
10649 0
10650 1
10651 0
10652 2
10653 1
10654 1
10655 2
10656 1
10657 2
10658 0
10659 0
10660 1
10661 1
10662 1
10663 0
10664 1
10665 1
10666 1
10667 2
10668 2
10669 0
10670 0
10671 1
10672 2
10673 1
10674 2
10675 0
10676 0
10677 2
10678 1
10679 0
10680 1
10681 0
10682 1
10683 0
10684 1
10685 3
10686 1
10687 0
10688 0
10689 2
10690 1
10691 1
10692 2
10693 1
10694 0
10695 0
10696 3
10697 0
10698 0
10699 2
10700 1
10701 1
10702 2
10703 2
10704 0
10705 1
10706 0
10707 0
10708 1
10709 0
10710 0
10711 0
10712 0
10713 0
10714 0
10715 0
10716 0
10717 2
10718 1
10719 1
10720 4
10721 1
10722 1
10723 1
10724 0
10725 1
10726 0
10727 0
10728 1
10729 1
10730 1
10731 0
10732 1
10733 2
10734 1
10735 1
10736 1
10737 1
10738 1
10739 0
10740 0
10741 0
10742 6
10743 1
10744 1
10745 2
10746 0
10747 1
10748 1
10749 0
10750 0
10751 1
10752 0
10753 2
10754 0
10755 2
10756 1
10757 0
10758 3
10759 1
10760 0
10761 0
10762 2
10763 0
10764 1
10765 1
10766 0
10767 2
10768 0
10769 2
10770 1
10771 0
10772 2
10773 1
10774 0
10775 3
10776 1
10777 0
10778 0
10779 1
10780 0
10781 1
10782 3
10783 0
10784 1
10785 0
10786 2
10787 1
10788 0
10789 0
10790 0
10791 1
10792 0
10793 0
10794 1
10795 1
10796 2
10797 1
10798 0
10799 4
10800 0
10801 1
10802 2
10803 2
10804 1
10805 1
10806 2
10807 3
10808 1
10809 2
10810 2
10811 2
10812 0
10813 1
10814 0
10815 0
10816 0
10817 1
10818 0
10819 1
10820 0
10821 0
10822 0
10823 2
10824 3
10825 0
10826 0
10827 0
10828 4
10829 1
10830 0
10831 1
10832 1
10833 2
10834 2
10835 0
10836 0
10837 0
10838 0
10839 0
10840 1
10841 0
10842 0
10843 1
10844 2
10845 0
10846 2
10847 1
10848 0
10849 1
10850 3
10851 1
10852 2
10853 0
10854 4
10855 0
10856 2
10857 2
10858 0
10859 2
10860 1
10861 0
10862 1
10863 0
10864 0
10865 2
10866 2
10867 0
10868 2
10869 0
10870 1
10871 3
10872 1
10873 1
10874 0
10875 0
10876 0
10877 2
10878 2
10879 3
10880 1
10881 1
10882 1
10883 1
10884 3
10885 3
10886 1
10887 0
10888 2
10889 1
10890 1
10891 1
10892 2
10893 2
10894 1
10895 0
10896 0
10897 1
10898 2
10899 2
10900 3
10901 2
10902 0
10903 0
10904 3
10905 1
10906 1
10907 0
10908 2
10909 0
10910 1
10911 1
10912 0
10913 0
10914 2
10915 1
10916 0
10917 2
10918 2
10919 1
10920 2
10921 2
10922 0
10923 0
10924 0
10925 2
10926 1
10927 2
10928 1
10929 0
10930 2
10931 0
10932 1
10933 0
10934 1
10935 1
10936 0
10937 0
10938 0
10939 0
10940 3
10941 2
10942 0
10943 1
10944 1
10945 0
10946 2
10947 2
10948 0
10949 0
10950 0
10951 0
10952 1
10953 0
10954 0
10955 0
10956 2
10957 0
10958 0
10959 0
10960 0
10961 1
10962 0
10963 0
10964 0
10965 1
10966 0
10967 1
10968 2
10969 1
10970 1
10971 0
10972 0
10973 2
10974 0
10975 3
10976 1
10977 0
10978 1
10979 1
10980 2
10981 1
10982 1
10983 1
10984 0
10985 0
10986 1
10987 1
10988 0
10989 2
10990 0
10991 4
10992 1
10993 3
10994 0
10995 0
10996 1
10997 1
10998 1
10999 0
