0 24
1 26
2 14
3 18
4 21
5 26
6 20
7 18
8 24
9 27
10 28
11 21
12 19
13 30
14 24
15 20
16 24
17 20
18 18
19 27
20 27
21 17
22 22
23 18
24 25
25 23
26 17
27 23
28 15
29 15
30 25
31 25
32 17
33 20
34 23
35 19
36 20
37 16
38 28
39 19
40 18
41 18
42 13
43 18
44 16
45 19
46 22
47 14
48 24
49 20
50 19
51 22
52 23
53 25
54 25
55 23
56 28
57 22
58 10
59 21
60 18
61 19
62 23
63 18
64 26
65 19
66 17
67 23
68 21
69 29
70 22
71 32
72 18
73 18
74 22
75 25
76 20
77 21
78 24
79 31
80 23
81 25
82 21
83 19
84 23
85 30
86 18
87 15
88 32
89 14
90 17
91 23
92 26
93 19
94 19
95 26
96 23
97 28
98 32
99 29
100 26
101 24
102 16
103 29
104 26
105 23
106 25
107 15
108 32
109 29
110 21
111 24
112 17
113 17
114 23
115 24
116 30
117 18
118 26
119 19
120 20
121 23
122 28
123 21
124 26
125 28
126 27
127 17
128 18
129 22
130 12
131 26
132 19
133 18
134 17
135 31
136 20
137 20
138 20
139 30
140 19
141 26
142 24
143 22
144 22
145 25
146 25
147 21
148 22
149 21
150 16
151 18
152 19
153 24
154 23
155 21
156 17
157 17
158 22
159 20
160 24
161 23
162 24
163 22
164 25
165 23
166 20
167 29
168 21
169 23
170 22
171 24
172 19
173 19
174 22
175 13
176 29
177 25
178 22
179 25
180 15
181 23
182 35
183 21
184 20
185 24
186 11
187 23
188 23
189 28
190 20
191 18
192 27
193 26
194 19
195 21
196 27
197 21
198 22
199 20
200 16
201 17
202 25
203 30
204 22
205 21
206 16
207 22
208 22
209 21
210 15
211 26
212 13
213 21
214 29
215 14
216 14
217 20
218 21
219 28
220 22
221 21
222 27
223 25
224 18
225 23
226 23
227 29
228 22
229 29
230 22
231 23
232 20
233 22
234 13
235 19
236 23
237 24
238 21
239 24
240 15
241 23
242 21
243 26
244 20
245 28
246 26
247 28
248 20
249 15
250 15
251 23
252 28
253 20
254 26
255 22
256 23
257 22
258 25
259 27
260 29
261 15
262 29
263 22
264 23
265 21
266 18
267 26
268 22
269 28
270 27
271 12
272 25
273 21
274 26
275 30
276 18
277 23
278 15
279 29
280 24
281 20
282 20
283 21
284 24
285 26
286 20
287 13
288 21
289 13
290 23
291 20
292 21
293 29
294 23
295 19
296 28
297 26
298 18
299 23
300 23
301 21
302 17
303 18
304 21
305 20
306 25
307 15
308 23
309 17
310 27
311 18
312 26
313 25
314 26
315 17
316 20
317 28
318 16
319 24
320 27
321 22
322 21
323 25
324 22
325 26
326 25
327 25
328 27
329 27
330 18
331 19
332 15
333 29
334 20
335 19
336 27
337 27
338 14
339 13
340 21
341 24
342 21
343 25
344 29
345 23
346 19
347 20
348 22
349 24
350 32
351 22
352 21
353 22
354 27
355 24
356 27
357 17
358 20
359 35
360 24
361 17
362 17
363 28
364 22
365 24
366 31
367 16
368 21
369 22
370 19
371 22
372 15
373 23
374 19
375 20
376 15
377 17
378 25
379 28
380 19
381 22
382 26
383 26
384 27
385 22
386 18
387 16
388 22
389 23
390 24
391 20
392 19
393 25
394 17
395 26
396 24
397 26
398 26
399 18
400 22
401 22
402 16
403 21
404 25
405 23
406 20
407 27
408 16
409 31
410 27
411 21
412 13
413 28
414 21
415 16
416 17
417 27
418 19
419 23
420 26
421 18
422 17
423 17
424 18
425 28
426 13
427 18
428 20
429 22
430 24
431 21
432 25
433 20
434 24
435 26
436 19
437 20
438 28
439 18
440 22
441 19
442 21
443 23
444 26
445 19
446 31
447 22
448 19
449 20
450 23
451 27
452 23
453 22
454 18
455 20
456 19
457 23
458 25
459 17
460 21
461 15
462 21
463 30
464 18
465 21
466 19
467 21
468 29
469 24
470 22
471 20
472 19
473 28
474 27
475 28
476 24
477 26
478 20
479 22
480 28
481 18
482 21
483 25
484 23
485 23
486 20
487 21
488 30
489 21
490 24
491 22
492 13
493 18
494 22
495 21
496 23
497 23
498 23
499 22
