0 7
1 0
2 0
3 13
4 2
5 0
6 1
7 1
8 1
9 0
10 15
11 0
12 0
13 0
14 0
15 0
16 5
17 21
18 1
19 7
20 16
21 0
22 0
23 0
24 5
25 6
26 3
27 0
28 0
29 0
30 0
31 16
32 0
33 1
34 22
35 25
36 0
37 0
38 0
39 0
40 5
41 0
42 12
43 3
44 1
45 4
46 6
47 0
48 43
49 45
50 3
51 11
52 7
53 7
54 3
55 7
56 6
57 4
58 0
59 2
60 3
61 4
62 0
63 0
64 9
65 156
66 4
67 4
68 9
69 25
70 11
71 75
72 0
73 1989
74 8
75 0
76 2
77 2
78 2
79 29
80 2
81 1
82 1
83 5
84 3
85 3
86 9
87 0
88 6
89 0
90 1
91 3
92 1
93 14
94 1
95 0
96 109
97 2864
98 4
99 4
100 13
101 1
102 1
103 27
104 0
105 28
106 2
107 1
108 2
109 15
110 7
111 38
112 0
113 4
114 0
115 714
116 226
117 18
118 0
119 172
120 2
121 2
122 8
123 8
124 0
125 5
126 4
127 1
128 3
129 9
130 0
131 0
132 3
133 0
134 3
135 2
136 0
137 1
138 5
139 4
140 0
141 260
142 4
143 1
144 5
145 13
146 2
147 0
148 2
149 0
150 4
151 47
152 1
153 1
154 0
155 1
156 1
157 2
158 2
159 2
160 21
161 6
162 7
163 0
164 0
165 0
166 0
167 18
168 6
169 13
170 0
171 1
172 19
173 10
174 1
175 0
176 2
177 11
178 4
179 2
180 4
181 1
182 425
183 7
184 11
185 1
186 0
187 1
188 1
189 0
190 3
191 0
192 4
193 1
194 0
195 0
196 2
197 13
198 0
199 2
200 0
201 3
202 68
203 0
204 6
205 0
206 0
207 0
208 0
209 1
210 2
211 0
212 7
213 0
214 0
215 0
216 0
217 0
218 0
219 0
220 2
221 0
222 8
223 0
224 2
225 0
226 8
227 3
228 1
229 1
230 0
231 1
232 3
233 2
234 0
235 1
236 190
237 1
238 0
239 3
240 0
241 7
242 0
243 23
244 1
245 3
246 0
247 0
248 5
249 2
250 19
251 0
252 9
253 0
254 1
255 4
256 2
257 0
258 0
259 6
260 40
261 0
262 0
263 2
264 3
265 0
266 5
267 3
268 1
269 2
270 0
271 0
272 1
273 0
274 10
275 0
276 0
277 2
278 0
279 2
280 9
281 4
282 0
283 0
284 1
285 1
286 4
287 0
288 6
289 1
290 0
291 1
292 0
293 14
294 2
295 0
296 6
297 0
298 0
299 0
300 0
301 1
302 0
303 0
304 3
305 2
306 3
307 6
308 13
309 0
310 7
311 0
312 7
313 1
314 2
315 0
316 13
317 4
318 7
319 0
320 1
321 1
322 5
323 2
324 0
325 11
326 3
327 1
328 3
329 1
330 6
331 1
332 0
333 58
334 0
335 0
336 9
337 6
338 0
339 5
340 0
341 2
342 0
343 8
344 43
345 9
346 1
347 0
348 5
349 14
350 2
351 4
352 35
353 1
354 0
355 2
356 0
357 0
358 0
359 4
360 2
361 0
362 0
363 0
364 14
365 0
366 1
367 1
368 2
369 0
370 0
371 4
372 12
373 0
374 0
375 24
376 0
377 0
378 0
379 1
380 0
381 0
382 0
383 13
384 0
385 46
386 0
387 2
388 1
389 2
390 1
391 2
392 3
393 10
394 5
395 6
396 0
397 8
398 5
399 9
400 6
401 3
402 0
403 1
404 0
405 0
406 0
407 2
408 6
409 4
410 7
411 0
412 98
413 2
414 443
415 0
416 0
417 3
418 2
419 6
420 2
421 7
422 2
423 0
424 1
425 8
426 2
427 12
428 0
429 19
430 3
431 5
432 121
433 28
434 0
435 17
436 0
437 3
438 1
439 0
440 3
441 4
442 3
443 3
444 0
445 27
446 5
447 3
448 68
449 1
450 0
451 1
452 2
453 0
454 2
455 4
456 4
457 0
458 1
459 0
460 0
461 2
462 2
463 32
464 3
465 1
466 1
467 7
468 4
469 0
470 160
471 4
472 0
473 1
474 0
475 0
476 1
477 0
478 0
479 2
480 4
481 0
482 4
483 5
484 303
485 0
486 2
487 3
488 11
489 4
490 2
491 0
492 7
493 2
494 18
495 0
496 0
497 0
498 0
499 0
500 3
501 0
502 0
503 0
504 6
505 7
506 0
507 0
508 0
509 0
510 0
511 2
512 54
513 2
514 0
515 1
516 10
517 0
518 9
519 0
520 3
521 3
522 0
523 1
524 0
525 2
526 0
527 2
528 0
529 0
530 0
531 1
532 3
533 2
534 17
535 12
536 0
537 5
538 5
539 4
540 5
541 1
542 2
543 0
544 0
545 2
546 0
547 1
548 4
549 0
550 3
551 1
552 2
553 3
554 45
555 2
556 12
557 1
558 1
559 0
560 1
561 2
562 1
563 6
564 1
565 3
566 2
567 5
568 3
569 16
570 2
571 105
572 0
573 0
574 4
575 0
576 4
577 0
578 1
579 1
580 0
581 4
582 0
583 6
584 0
585 1
586 0
587 0
588 0
589 23
590 0
591 0
592 8
593 0
594 0
595 1
596 5
597 3
598 21
599 0
600 3
601 5
602 0
603 0
604 0
605 1
606 0
607 4
608 1
609 1
610 1
611 0
612 0
613 0
614 0
615 0
616 0
617 3
618 1
619 4
620 2
621 4
622 2
623 13
624 8
625 0
626 20
627 0
628 2
629 0
630 0
631 0
632 2
633 1
634 0
635 0
636 2
637 16
638 8
639 1
640 0
641 2
642 8
643 35
644 2
645 1
646 89
647 1
648 0
649 1
650 2
651 0
652 25
653 2
654 0
655 7
656 3
657 0
658 0
659 3
660 4
661 2
662 0
663 8
664 4
665 0
666 0
667 0
668 2
669 1
670 0
671 1
672 2
673 7
674 0
675 1
676 1
677 1
678 2
679 5
680 1
681 2
682 0
683 0
684 17
685 4
686 5
687 0
688 7
689 0
690 0
691 3
692 10
693 6
694 3
695 0
696 26
697 0
698 0
699 0
700 2
701 3
702 1
703 2
704 0
705 0
706 0
707 5
708 2
709 1
710 0
711 17
712 0
713 0
714 0
715 2
716 0
717 2
718 4
719 9
720 2
721 20
722 0
723 9
724 2
725 13
726 4
727 0
728 13
729 5
730 3
731 2
732 0
733 0
734 4
735 0
736 1
737 1
738 4
739 0
740 5
741 1
742 12
743 3
744 33
745 6
746 2
747 18
748 0
749 0
750 1
751 3
752 1
753 7
754 0
755 2
756 0
757 10
758 36
759 1
760 15
761 0
762 9
763 21
764 0
765 0
766 0
767 0
768 2
769 10
770 4
771 5
772 4
773 2
774 1
775 10
776 0
777 2
778 2
779 5
780 11
781 5
782 0
783 1
784 1
785 0
786 4
787 9
788 9
789 1
790 0
791 3
792 3
793 3
794 0
795 0
796 3
797 1
798 3
799 1
800 4
801 2
802 3
803 9
804 2
805 7
806 0
807 0
808 5
809 5
810 5
811 7
812 1
813 2
814 11
815 6
816 9
817 6
818 9
819 0
820 0
821 4
822 2
823 3
824 0
825 65
826 4
827 1
828 13
829 2
830 0
831 0
832 0
833 2
834 0
835 1
836 2
837 2
838 2
839 3
840 0
841 2
842 0
843 9
844 4
845 0
846 1
847 32
848 0
849 0
850 4
851 0
852 3
853 51
854 1
855 0
856 0
857 2
858 7
859 23
860 25
861 2
862 0
863 4
864 4
865 0
866 0
867 2
868 0
869 0
870 6
871 2
872 3
873 11
874 1
875 1
876 0
877 2
878 0
879 2
880 0
881 2
882 4
883 95
884 0
885 14
886 4
887 6
888 0
889 2
890 1
891 14
892 15
893 1
894 1
895 6
896 7
897 1
898 15
899 0
900 0
901 0
902 0
903 0
904 0
905 0
906 0
907 0
908 0
909 2
910 1
911 3
912 0
913 30
914 0
915 11
916 0
917 3
918 0
919 8
920 11
921 4
922 0
923 2
924 9
925 3
926 0
927 4
928 1
929 2
930 1
931 0
932 17
933 0
934 1
935 0
936 0
937 0
938 3
939 1
940 0
941 0
942 4
943 3
944 0
945 0
946 11
947 0
948 0
949 0
950 5
951 6
952 1
953 6
954 2
955 1
956 4
957 0
958 0
959 0
960 2
961 0
962 0
963 28
964 10
965 2
966 0
967 4
968 1
969 6
970 0
971 4
972 18
973 0
974 0
975 7
976 0
977 1
978 1
979 3
980 3
981 7
982 0
983 5
984 0
985 11
986 0
987 0
988 8
989 0
990 3
991 5
992 0
993 0
994 19
995 0
996 10
997 26
998 0
999 4
1000 6
1001 2
1002 0
1003 5
1004 0
1005 1
1006 6
1007 0
1008 0
1009 10
1010 12
1011 12
1012 14
1013 15
1014 4
1015 4
1016 3
1017 0
1018 1
1019 7
1020 3
1021 0
1022 0
1023 2
1024 8
1025 0
1026 16
1027 20
1028 9
1029 0
1030 0
1031 3
1032 0
1033 15
1034 0
1035 0
1036 0
1037 0
1038 2
1039 0
1040 6
1041 0
1042 0
1043 11
1044 0
1045 5
1046 1
1047 1
1048 21
1049 0
1050 8
1051 0
1052 13
1053 2
1054 1
1055 1
1056 0
1057 0
1058 13
1059 2
1060 20
1061 1
1062 36
1063 1
1064 9
1065 0
1066 1
1067 0
1068 8
1069 0
1070 15
1071 4
1072 12
1073 0
1074 10
1075 10
1076 0
1077 22
1078 0
1079 7
1080 0
1081 1
1082 1
1083 0
1084 7
1085 6
1086 0
1087 2
1088 6
1089 0
1090 0
1091 7
1092 0
1093 2
1094 1
1095 14
1096 0
1097 3
1098 2
1099 13
1100 1
1101 6
1102 0
1103 1
1104 1
1105 0
1106 10
1107 0
1108 0
1109 16
1110 0
1111 2
1112 1
1113 0
1114 13
1115 0
1116 2
1117 0
1118 51
1119 0
1120 7
1121 4
1122 127
1123 9
1124 3
1125 69
1126 4
1127 1
1128 5
1129 0
1130 0
1131 1
1132 0
1133 0
1134 3
1135 0
1136 1
1137 1
1138 0
1139 3
1140 0
1141 1
1142 4
1143 80
1144 3
1145 71
1146 1
1147 2
1148 10
1149 1
1150 0
1151 0
1152 0
1153 3
1154 0
1155 15
1156 0
1157 0
1158 3
1159 0
1160 23
1161 12
1162 0
1163 0
1164 1
1165 1
1166 1
1167 2
1168 0
1169 11
1170 2
1171 0
1172 0
1173 7
1174 0
1175 0
1176 2
1177 0
1178 2
1179 4
1180 0
1181 1
1182 4
1183 1
1184 0
1185 15
1186 0
1187 0
1188 2
1189 7
1190 2
1191 0
1192 7
1193 1
1194 0
1195 2
1196 94
1197 9
1198 0
1199 0
1200 5
1201 0
1202 0
1203 3
1204 1
1205 3
1206 5
1207 1
1208 4
1209 60
1210 35
1211 5
1212 2
1213 1
1214 25
1215 0
1216 0
1217 3
1218 7
1219 3
1220 1
1221 31
1222 1
1223 1
1224 0
1225 0
1226 1
1227 0
1228 1
1229 11
1230 0
1231 0
1232 0
1233 0
1234 0
1235 0
1236 0
1237 0
1238 5
1239 22
1240 0
1241 47
1242 0
1243 1
1244 0
1245 0
1246 9
1247 1
1248 2
1249 4
1250 3
1251 1
1252 2
1253 3
1254 11
1255 0
1256 4
1257 8
1258 0
1259 7
1260 3
1261 0
1262 0
1263 2
1264 5
1265 283
1266 0
1267 19
1268 0
1269 4
1270 1
1271 11
1272 89
1273 0
1274 3
1275 1
1276 3
1277 10
1278 0
1279 26
1280 5
1281 1
1282 2
1283 16
1284 0
1285 3
1286 0
1287 8
1288 0
1289 1
1290 3
1291 6
1292 0
1293 3
1294 8
1295 0
1296 4
1297 20
1298 1
1299 0
1300 0
1301 0
1302 4
1303 7
1304 1
1305 1
1306 0
1307 0
1308 1
1309 2
1310 12
1311 4
1312 0
1313 92
1314 0
1315 0
1316 14
1317 3
1318 2
1319 26
1320 19
1321 29
1322 1
1323 1
1324 0
1325 0
1326 0
1327 0
1328 11
1329 2
1330 0
1331 1
1332 0
1333 10
1334 4
1335 4
1336 5
1337 0
1338 0
1339 0
1340 0
1341 417
1342 0
1343 7
1344 3
1345 0
1346 2
1347 0
1348 1
1349 0
1350 3
1351 1
1352 0
1353 0
1354 0
1355 6
1356 0
1357 1
1358 0
1359 8
1360 1
1361 0
1362 5
1363 3
1364 3
1365 0
1366 1
1367 0
1368 0
1369 2
1370 0
1371 1
1372 0
1373 0
1374 1
1375 111
1376 3
1377 0
1378 3
1379 0
1380 15
1381 2
1382 0
1383 1
1384 33
1385 8
1386 10
1387 0
1388 0
1389 1
1390 0
1391 12
1392 1
1393 22
1394 1
1395 12
1396 0
1397 6
1398 0
1399 14
1400 21
1401 24
1402 0
1403 2
1404 1
1405 5
1406 2
1407 12
1408 0
1409 3
1410 1
1411 0
1412 0
1413 1
1414 1
1415 0
1416 11
1417 0
1418 0
1419 0
1420 1
1421 0
1422 0
1423 0
1424 0
1425 2
1426 13
1427 0
1428 0
1429 2
1430 0
1431 2
1432 7
1433 1
1434 26
1435 0
1436 6
1437 0
1438 2
1439 6
1440 10
1441 0
1442 1
1443 0
1444 3
1445 0
1446 4
1447 0
1448 2
1449 4
1450 57
1451 0
1452 14
1453 0
1454 6
1455 1
1456 4
1457 0
1458 0
1459 10
1460 41
1461 0
1462 2
1463 2
1464 0
1465 2
1466 0
1467 33
1468 29
1469 163
1470 4
1471 0
1472 0
1473 1
1474 0
1475 0
1476 2
1477 0
1478 4
1479 4
1480 4
1481 3
1482 2
1483 2
1484 5
1485 26
1486 0
1487 5
1488 38
1489 6
1490 0
1491 2
1492 1
1493 2
1494 12
1495 2
1496 1
1497 3
1498 1
1499 4
1500 0
1501 0
1502 1
1503 5
1504 0
1505 2
1506 0
1507 38
1508 2
1509 0
1510 4
1511 0
1512 1
1513 4
1514 1
1515 16
1516 0
1517 4
1518 1
1519 5
1520 1
1521 1
1522 3
1523 0
1524 1
1525 2
1526 3
1527 0
1528 0
1529 41
1530 0
1531 0
1532 0
1533 2
1534 0
1535 0
1536 1
1537 2
1538 1
1539 2
1540 0
1541 10
1542 5
1543 4
1544 1
1545 0
1546 1
1547 5
1548 1
1549 2
1550 0
1551 1
1552 9
1553 0
1554 1
1555 4
1556 0
1557 1
1558 0
1559 1
1560 5
1561 3
1562 10
1563 2
1564 4
1565 0
1566 1
1567 8
1568 8
1569 2
1570 6
1571 10
1572 1
1573 1
1574 2
1575 167
1576 2
1577 922
1578 1
1579 9
1580 11
1581 10
1582 10
1583 1
1584 0
1585 6
1586 1
1587 8
1588 1
1589 0
1590 0
1591 7
1592 5
1593 1
1594 1
1595 5
1596 187
1597 2
1598 7
1599 1
1600 2
1601 3
1602 5
1603 0
1604 9
1605 1
1606 18
1607 2
1608 161
1609 0
1610 3
1611 5
1612 0
1613 7
1614 3
1615 3
1616 5
1617 99
1618 2
1619 1
1620 0
1621 0
1622 1
1623 0
1624 2
1625 20
1626 0
1627 0
1628 0
1629 2
1630 0
1631 4
1632 9
1633 0
1634 148
1635 34
1636 0
1637 1
1638 129
1639 26
1640 0
1641 1
1642 0
1643 0
1644 1
1645 1
1646 0
1647 0
1648 0
1649 1
1650 0
1651 0
1652 1
1653 2
1654 3
1655 0
1656 0
1657 5
1658 6
1659 6
1660 0
1661 0
1662 6
1663 0
1664 0
1665 1
1666 24
1667 19
1668 2
1669 1
1670 1
1671 0
1672 3
1673 1
1674 0
1675 106
1676 1
1677 2
1678 0
1679 2
1680 2
1681 2
1682 53
1683 6
1684 4
1685 337
1686 1
1687 2
1688 0
1689 10
1690 1
1691 1
1692 0
1693 11
1694 1
1695 2
1696 53
1697 0
1698 5
1699 0
1700 0
1701 0
1702 14
1703 6
1704 2
1705 1
1706 0
1707 3
1708 22
1709 2
1710 11
1711 0
1712 0
1713 0
1714 0
1715 0
1716 0
1717 13
1718 1
1719 1
1720 0
1721 0
1722 4
1723 0
1724 0
1725 0
1726 1
1727 4
1728 0
1729 1
1730 2
1731 0
1732 15
1733 28
1734 0
1735 1
1736 3
1737 1
1738 18
1739 0
1740 0
1741 3
1742 3
1743 4
1744 2
1745 5
1746 8
1747 9
1748 0
1749 3
1750 1
1751 207
1752 0
1753 0
1754 0
1755 14
1756 1
1757 0
1758 6
1759 4
1760 0
1761 0
1762 1
1763 5
1764 10
1765 0
1766 1
1767 3
1768 9
1769 3
1770 55
1771 0
1772 90
1773 11
1774 7
1775 2
1776 0
1777 8
1778 4
1779 0
1780 18
1781 0
1782 1
1783 0
1784 36
1785 0
1786 510
1787 0
1788 1
1789 5
1790 11
1791 0
1792 0
1793 10
1794 1
1795 1
1796 10
1797 1
1798 87
1799 6
1800 2
1801 11
1802 46
1803 0
1804 21
1805 16
1806 23
1807 1
1808 1
1809 0
1810 8
1811 24
1812 4
1813 0
1814 0
1815 2
1816 71
1817 3
1818 3
1819 4
1820 0
1821 0
1822 2
1823 5
1824 5
1825 0
1826 1
1827 0
1828 4
1829 0
1830 0
1831 2
1832 1
1833 1
1834 7
1835 5
1836 1
1837 29
1838 42
1839 0
1840 0
1841 0
1842 13
1843 0
1844 20
1845 8
1846 0
1847 0
1848 5
1849 2
1850 39
1851 0
1852 11
1853 0
1854 1
1855 26
1856 0
1857 0
1858 4
1859 10
1860 10
1861 1
1862 3
1863 1
1864 0
1865 34
1866 0
1867 0
1868 3
1869 0
1870 0
1871 1
1872 35
1873 3
1874 2
1875 0
1876 0
1877 0
1878 0
1879 11
1880 0
1881 2
1882 0
1883 2
1884 10
1885 0
1886 0
1887 1
1888 3
1889 1
1890 65
1891 0
1892 2
1893 7
1894 0
1895 2
1896 1
1897 8
1898 0
1899 34
1900 4
1901 1
1902 6
1903 1
1904 16
1905 10
1906 1
1907 5
1908 1
1909 33
1910 1
1911 5
1912 1
1913 1
1914 12
1915 0
1916 0
1917 2
1918 1
1919 3
1920 65
1921 0
1922 6
1923 2
1924 2
1925 13
1926 63
1927 0
1928 18
1929 4
1930 4
1931 21
1932 0
1933 0
1934 0
1935 11
1936 0
1937 0
1938 1
1939 0
1940 0
1941 3
1942 73
1943 0
1944 3
1945 0
1946 6
1947 2
1948 1
1949 7
1950 0
1951 0
1952 0
1953 0
1954 0
1955 0
1956 6
1957 2
1958 2
1959 3
1960 1
1961 0
1962 14
1963 9
1964 0
1965 0
1966 6
1967 1
1968 6
1969 2
1970 0
1971 12
1972 0
1973 11
1974 0
1975 4
1976 3
1977 16
1978 4
1979 0
1980 5
1981 0
1982 0
1983 1
1984 0
1985 0
1986 0
1987 0
1988 2
1989 6
1990 5
1991 2
1992 0
1993 9
1994 4
1995 1
1996 2
1997 1
1998 7
1999 1
2000 1
2001 3
2002 1
2003 3
2004 55
2005 1
2006 0
2007 12
2008 0
2009 6
2010 3
2011 3
2012 0
2013 11
2014 6
2015 0
2016 4
2017 0
2018 3
2019 2
2020 2
2021 2
2022 0
2023 15
2024 1
2025 0
2026 1
2027 5
2028 0
2029 3
2030 4
2031 0
2032 1
2033 2
2034 0
2035 1
2036 1
2037 38
2038 1
2039 0
2040 1
2041 0
2042 0
2043 3
2044 5
2045 0
2046 7
2047 1
2048 1
2049 0
2050 0
2051 2
2052 40
2053 3
2054 2
2055 12
2056 1
2057 6
2058 0
2059 0
2060 9
2061 0
2062 1
2063 0
2064 2
2065 0
2066 0
2067 6
2068 0
2069 21
2070 2
2071 39
2072 1
2073 0
2074 163
2075 9
2076 5
2077 1
2078 9
2079 8
2080 0
2081 1
2082 3
2083 0
2084 2
2085 1
2086 0
2087 0
2088 0
2089 0
2090 4
2091 1
2092 43
2093 2
2094 23
2095 0
2096 3
2097 1
2098 10
2099 4
2100 1
2101 3
2102 4
2103 2
2104 2
2105 9
2106 0
2107 108
2108 7
2109 3
2110 0
2111 1
2112 0
2113 2
2114 0
2115 2
2116 10
2117 1
2118 2
2119 76
2120 3
2121 10
2122 1
2123 2
2124 5
2125 11
2126 3
2127 0
2128 3
2129 5
2130 115
2131 50
2132 1
2133 6
2134 0
2135 3
2136 5
2137 6
2138 9
2139 0
2140 0
2141 3
2142 18
2143 0
2144 0
2145 3
2146 0
2147 13
2148 4
2149 0
2150 0
2151 1
2152 2
2153 0
2154 3
2155 1
2156 0
2157 0
2158 1
2159 3
2160 0
2161 1
2162 3
2163 1
2164 3
2165 11
2166 0
2167 17
2168 3
2169 1
2170 0
2171 31
2172 0
2173 7
2174 36
2175 0
2176 1
2177 0
2178 0
2179 3
2180 0
2181 3
2182 2
2183 1
2184 4
2185 0
2186 1
2187 0
2188 4
2189 0
2190 26
2191 1
2192 2
2193 0
2194 7
2195 3
2196 1
2197 1
2198 2
2199 0
2200 2
2201 0
2202 2
2203 0
2204 0
2205 0
2206 0
2207 5
2208 0
2209 0
2210 3
2211 2
2212 20
2213 0
2214 7
2215 9
2216 0
2217 5
2218 13
2219 48
2220 2
2221 10
2222 21
2223 30
2224 8
2225 2
2226 0
2227 29
2228 2
2229 0
2230 58
2231 3
2232 2
2233 0
2234 0
2235 0
2236 7
2237 1
2238 6
2239 2
2240 7
2241 14
2242 1
2243 8
2244 0
2245 0
2246 3
2247 3
2248 1
2249 1
2250 4
2251 5
2252 4
2253 0
2254 1
2255 4
2256 1
2257 0
2258 0
2259 2
2260 2
2261 0
2262 1
2263 0
2264 0
2265 16
2266 4
2267 0
2268 32
2269 0
2270 1
2271 0
2272 2
2273 0
2274 1
2275 0
2276 0
2277 12
2278 2
2279 2
2280 6
2281 0
2282 8
2283 1
2284 6
2285 0
2286 0
2287 0
2288 0
2289 0
2290 0
2291 3
2292 7
2293 2
2294 14
2295 1
2296 2
2297 1
2298 0
2299 10
2300 2
2301 0
2302 0
2303 10
2304 1
2305 6
2306 0
2307 0
2308 2
2309 3
2310 1
2311 0
2312 16
2313 2
2314 5
2315 0
2316 11
2317 11
2318 5
2319 1
2320 3
2321 2
2322 1
2323 3
2324 7
2325 2
2326 1
2327 5
2328 6
2329 4
2330 3
2331 0
2332 0
2333 401
2334 39
2335 0
2336 7
2337 2
2338 7
2339 0
2340 9
2341 1
2342 1
2343 1
2344 3
2345 0
2346 1
2347 4
2348 12
2349 6
2350 1
2351 4
2352 1
2353 5
2354 0
2355 0
2356 6
2357 17
2358 14
2359 2
2360 10
2361 11
2362 0
2363 2
2364 2
2365 126
2366 5
2367 0
2368 5
2369 9
2370 0
2371 4
2372 4
2373 118
2374 0
2375 7
2376 3
2377 0
2378 55
2379 335
2380 1
2381 0
2382 0
2383 0
2384 1
2385 4
2386 0
2387 0
2388 0
2389 2
2390 5
2391 76
2392 0
2393 0
2394 13
2395 0
2396 6
2397 1
2398 8
2399 0
2400 0
2401 2
2402 0
2403 1
2404 1
2405 13
2406 1
2407 0
2408 1
2409 0
2410 0
2411 3
2412 1
2413 7
2414 2
2415 0
2416 4
2417 0
2418 0
2419 0
2420 6
2421 0
2422 1
2423 1
2424 8
2425 1
2426 0
2427 0
2428 10
2429 22
2430 1
2431 2
2432 7
2433 2
2434 5
2435 1
2436 2
2437 40
2438 2
2439 1
2440 0
2441 2
2442 5
2443 3
2444 2
2445 23
2446 2
2447 1
2448 78
2449 5
2450 0
2451 11
2452 1
2453 30
2454 2
2455 2
2456 1
2457 0
2458 45
2459 1
2460 0
2461 6
2462 1
2463 3
2464 5
2465 1
2466 48
2467 1
2468 3
2469 0
2470 2
2471 0
2472 0
2473 0
2474 3
2475 0
2476 3
2477 3
2478 0
2479 29
2480 1
2481 0
2482 17
2483 7
2484 4
2485 10
2486 0
2487 2
2488 2
2489 31
2490 2
2491 1
2492 0
2493 5
2494 1
2495 0
2496 3
2497 2
2498 12
2499 0
2500 0
2501 622
2502 2
2503 0
2504 2
2505 0
2506 1
2507 18
2508 79
2509 3
2510 5
2511 0
2512 67
2513 4
2514 0
2515 3
2516 0
2517 2
2518 2
2519 14
2520 45
2521 1
2522 7
2523 4
2524 4
2525 0
2526 5
2527 1
2528 3
2529 98
2530 2
2531 9
2532 16
2533 0
2534 2
2535 0
2536 5
2537 661
2538 7
2539 0
2540 88
2541 0
2542 0
2543 0
2544 0
2545 4
2546 3
2547 0
2548 1
2549 12
2550 0
2551 26
2552 1
2553 26
2554 0
2555 0
2556 6
2557 9
2558 0
2559 44
2560 3
2561 15
2562 70
2563 6
2564 1
2565 0
2566 1
2567 2
2568 0
2569 0
2570 0
2571 4
2572 6
2573 2
2574 4
2575 3
2576 0
2577 0
2578 1
2579 2
2580 0
2581 0
2582 10
2583 1
2584 2
2585 86
2586 5
2587 0
2588 16
2589 1
2590 1
2591 10
2592 2
2593 1
2594 1
2595 7
2596 1
2597 1
2598 0
2599 3
2600 24
2601 5
2602 28
2603 0
2604 2
2605 1
2606 26
2607 4
2608 0
2609 3
2610 1
2611 8
2612 0
2613 0
2614 2
2615 0
2616 0
2617 4
2618 12
2619 1
2620 3
2621 2
2622 8
2623 2
2624 0
2625 41
2626 0
2627 0
2628 17
2629 0
2630 0
2631 4
2632 5
2633 2
2634 28
2635 5
2636 0
2637 0
2638 9
2639 1
2640 2
2641 7
2642 4
2643 0
2644 3
2645 12
2646 2
2647 20
2648 1
2649 1
2650 2
2651 4
2652 5
2653 2
2654 121
2655 0
2656 0
2657 0
2658 0
2659 22
2660 0
2661 0
2662 81
2663 0
2664 8
2665 1
2666 2
2667 2
2668 12
2669 3
2670 3
2671 32
2672 1
2673 0
2674 1
2675 2
2676 3
2677 8
2678 0
2679 0
2680 1
2681 27
2682 7
2683 3
2684 54
2685 4
2686 0
2687 2
2688 4
2689 8
2690 1
2691 0
2692 4
2693 2
2694 6
2695 5
2696 22
2697 0
2698 36
2699 13
2700 1
2701 2
2702 5
2703 1
2704 0
2705 0
2706 1
2707 1
2708 0
2709 7
2710 0
2711 0
2712 0
2713 0
2714 1
2715 50
2716 1
2717 0
2718 1
2719 4
2720 5
2721 3
2722 1
2723 0
2724 5
2725 1
2726 0
2727 1
2728 1
2729 4
2730 2
2731 0
2732 1
2733 0
2734 2
2735 5
2736 131
2737 4
2738 0
2739 6
2740 0
2741 0
2742 13
2743 0
2744 15
2745 6
2746 0
2747 3
2748 0
2749 0
2750 1
2751 0
2752 63
2753 2
2754 5
2755 0
2756 19
2757 0
2758 2
2759 0
2760 3
2761 2
2762 36
2763 1
2764 1
2765 0
2766 7
2767 8
2768 0
2769 0
2770 6
2771 2
2772 29
2773 0
2774 7
2775 53
2776 0
2777 9
2778 1
2779 3
2780 0
2781 4
2782 0
2783 2
2784 0
2785 57
2786 0
2787 0
2788 5
2789 15
2790 21
2791 0
2792 0
2793 2
2794 28
2795 0
2796 8
2797 0
2798 58
2799 18
2800 0
2801 4
2802 2
2803 0
2804 24
2805 0
2806 0
2807 0
2808 31
2809 4
2810 0
2811 0
2812 0
2813 0
2814 4
2815 0
2816 7
2817 0
2818 0
2819 1
2820 0
2821 0
2822 1
2823 0
2824 8
2825 0
2826 0
2827 2
2828 6
2829 182
2830 0
2831 0
2832 25
2833 0
2834 7
2835 1
2836 3
2837 0
2838 0
2839 8
2840 0
2841 5
2842 0
2843 38
2844 176
2845 0
2846 1
2847 1
2848 2
2849 16
2850 6
2851 0
2852 4
2853 0
2854 3
2855 0
2856 4
2857 0
2858 3
2859 0
2860 1
2861 6
2862 1
2863 2
2864 0
2865 16
2866 7
2867 0
2868 10
2869 0
2870 1
2871 2
2872 16
2873 1
2874 4
2875 5
2876 4
2877 3
2878 3
2879 5
2880 3
2881 2
2882 1
2883 1
2884 36
2885 0
2886 0
2887 6
2888 4
2889 4
2890 0
2891 19
2892 3
2893 2
2894 0
2895 0
2896 2
2897 1
2898 0
2899 0
2900 2
2901 4
2902 0
2903 4
2904 50
2905 1
2906 5
2907 1
2908 6
2909 2
2910 24
2911 0
2912 2
2913 0
2914 2
2915 0
2916 0
2917 0
2918 0
2919 1
2920 4
2921 7
2922 3
2923 1
2924 2
2925 3
2926 2
2927 1
2928 0
2929 0
2930 0
2931 0
2932 2
2933 1
2934 1
2935 0
2936 1
2937 0
2938 10
2939 0
2940 31
2941 24
2942 0
2943 8
2944 0
2945 2
2946 3
2947 4
2948 8
2949 0
2950 0
2951 3
2952 1
2953 1
2954 0
2955 6
2956 3
2957 0
2958 5
2959 0
2960 0
2961 16
2962 2
2963 0
2964 1
2965 1
2966 1
2967 2
2968 2
2969 0
2970 5
2971 3
2972 0
2973 0
2974 0
2975 5
2976 0
2977 3
2978 8
2979 4
2980 0
2981 1
2982 1
2983 0
2984 3
2985 0
2986 9
2987 3
2988 5
2989 2
2990 6
2991 6
2992 19
2993 0
2994 0
2995 20
2996 0
2997 1
2998 8
2999 6
3000 4
3001 0
3002 0
3003 2
3004 0
3005 0
3006 2
3007 0
3008 20
3009 3
3010 0
3011 1
3012 3
3013 18
3014 2
3015 4
3016 0
3017 1
3018 1
3019 4
3020 11
3021 0
3022 1
3023 0
3024 1
3025 6
3026 20
3027 3
3028 0
3029 2
3030 0
3031 9
3032 1
3033 1
3034 1
3035 0
3036 4
3037 0
3038 1
3039 0
3040 0
3041 6
3042 0
3043 5
3044 1
3045 0
3046 0
3047 34
3048 18
3049 0
3050 1
3051 1297
3052 0
3053 2
3054 0
3055 2
3056 0
3057 0
3058 1
3059 1
3060 0
3061 1
3062 0
3063 1
3064 0
3065 11
3066 149
3067 19
3068 20
3069 2
3070 0
3071 0
3072 4
3073 2
3074 0
3075 5
3076 2
3077 0
3078 0
3079 1
3080 1
3081 21
3082 5
3083 2
3084 0
3085 8
3086 0
3087 0
3088 142
3089 1
3090 1
3091 1
3092 0
3093 0
3094 5
3095 13
3096 28
3097 43
3098 28
3099 2
3100 9
3101 4
3102 4
3103 3
3104 4
3105 0
3106 0
3107 0
3108 3
3109 7
3110 1
3111 5
3112 0
3113 0
3114 1
3115 2
3116 250
3117 340
3118 0
3119 1
3120 3
3121 7
3122 1059
3123 1000
3124 2
3125 0
3126 0
3127 5
3128 6
3129 0
3130 12
3131 8
3132 23
3133 9
3134 0
3135 1
3136 6
3137 38
3138 2
3139 773
3140 0
3141 0
3142 1
3143 0
3144 4
3145 2
3146 18
3147 0
3148 3
3149 0
3150 2
3151 9
3152 0
3153 11
3154 1
3155 0
3156 2
3157 1
3158 6
3159 581
3160 5
3161 8
3162 1
3163 3
3164 24
3165 17
3166 1
3167 1
3168 2
3169 1
3170 4
3171 0
3172 0
3173 5
3174 13
3175 19
3176 0
3177 1
3178 8
3179 0
3180 0
3181 0
3182 25
3183 0
3184 1
3185 1
3186 0
3187 0
3188 0
3189 1009
3190 0
3191 0
3192 12
3193 2
3194 1
3195 0
3196 12
3197 0
3198 0
3199 1
3200 1
3201 15
3202 9
3203 15
3204 3
3205 13
3206 0
3207 2
3208 14
3209 0
3210 1
3211 275
3212 0
3213 24
3214 2
3215 13
3216 0
3217 0
3218 16
3219 2
3220 0
3221 0
3222 54
3223 1
3224 3
3225 1
3226 2
3227 17
3228 2
3229 0
3230 6
3231 8
3232 0
3233 4
3234 1
3235 3
3236 23
3237 4
3238 1
3239 0
3240 22
3241 1
3242 1
3243 1
3244 2
3245 1
3246 2
3247 1
3248 0
3249 2
3250 1
3251 15
3252 2
3253 1
3254 1
3255 4
3256 4
3257 8
3258 12
3259 6
3260 1
3261 1
3262 1
3263 1
3264 0
3265 3
3266 5
3267 4
3268 5
3269 31
3270 2
3271 0
3272 0
3273 8
3274 0
3275 5
3276 0
3277 1
3278 0
3279 2
3280 1
3281 3
3282 5
3283 0
3284 0
3285 8
3286 0
3287 1
3288 6
3289 2
3290 5
3291 18
3292 3
3293 0
3294 6
3295 1
3296 1
3297 1
3298 2
3299 7
3300 16
3301 7
3302 0
3303 0
3304 123
3305 13
3306 0
3307 2
3308 970
3309 0
3310 2
3311 0
3312 9
3313 11
3314 1942
3315 2
3316 6
3317 5
3318 0
3319 12
3320 3
3321 6
3322 0
3323 9
3324 5
3325 1472
3326 0
3327 2
3328 3
3329 2
3330 2
3331 2
3332 9
3333 0
3334 1
3335 12
3336 2
3337 113
3338 0
3339 3
3340 2
3341 3
3342 2
3343 0
3344 2
3345 1
3346 36
3347 0
3348 1
3349 2
3350 3
3351 29
3352 2
3353 3
3354 1
3355 0
3356 16
3357 357
3358 1
3359 0
3360 5
3361 10
3362 0
3363 9
3364 0
3365 2541
3366 1
3367 2
3368 2
3369 1
3370 798
3371 1759
3372 0
3373 2
3374 5
3375 31
3376 0
3377 0
3378 3
3379 33
3380 0
3381 0
3382 2
3383 0
3384 52
3385 7
3386 0
3387 0
3388 5
3389 0
3390 0
3391 0
3392 1
3393 4
3394 12
3395 1
3396 1
3397 0
3398 30
3399 4
3400 1
3401 0
3402 2
3403 1
3404 3
3405 0
3406 4
3407 1
3408 0
3409 0
3410 13
3411 0
3412 1
3413 0
3414 3
3415 1
3416 3
3417 1
3418 9
3419 9
3420 1
3421 1
3422 2
3423 1
3424 0
3425 11
3426 6
3427 0
3428 1
3429 39
3430 13
3431 0
3432 222
3433 1
3434 20
3435 10
3436 2
3437 9
3438 1
3439 0
3440 2
3441 20
3442 8
3443 1
3444 178
3445 7
3446 11
3447 38
3448 8
3449 0
3450 9
3451 1
3452 1
3453 1
3454 3
3455 3
3456 50
3457 0
3458 0
3459 45
3460 16
3461 2
3462 0
3463 6
3464 0
3465 1
3466 0
3467 2
3468 31
3469 1
3470 4
3471 25
3472 1
3473 2
3474 60
3475 4
3476 0
3477 1
3478 2
3479 0
3480 531
3481 0
3482 0
3483 30
3484 0
3485 15
3486 0
3487 1
3488 1
3489 27
3490 26
3491 1
3492 0
3493 1
3494 1
3495 4
3496 9
3497 4
3498 2
3499 0
3500 622
3501 20
3502 2
3503 1
3504 107
3505 7
3506 2
3507 27
3508 17
3509 7
3510 2
3511 65
3512 2
3513 10
3514 4
3515 1
3516 5
3517 0
3518 3
3519 1
3520 8
3521 453
3522 9
3523 1
3524 2
3525 0
3526 0
3527 0
3528 4
3529 0
3530 2
3531 1
3532 3
3533 0
3534 0
3535 0
3536 1
3537 1
3538 0
3539 14
3540 0
3541 5
3542 51
3543 4102
3544 10
3545 1
3546 0
3547 1
3548 0
3549 3
3550 1
3551 899
3552 7
3553 8
3554 1
3555 430
3556 12
3557 0
3558 2
3559 0
3560 87
3561 1
3562 7
3563 1
3564 1
3565 11
3566 0
3567 4
3568 8
3569 3
3570 0
3571 6
3572 1
3573 6
3574 0
3575 0
3576 5
3577 0
3578 0
3579 0
3580 7
3581 12
3582 0
3583 1
3584 0
3585 3
3586 11
3587 56
3588 0
3589 0
3590 1
3591 0
3592 1
3593 2
3594 2
3595 1
3596 2
3597 0
3598 4
3599 2
3600 2
3601 2
3602 1
3603 0
3604 1
3605 2
3606 1
3607 0
3608 109
3609 0
3610 0
3611 2
3612 3
3613 23
3614 47
3615 2
3616 2
3617 0
3618 6
3619 0
3620 0
3621 0
3622 14
3623 9
3624 21
3625 9
3626 0
3627 6
3628 1
3629 10
3630 0
3631 0
3632 0
3633 6
3634 0
3635 80
3636 0
3637 183
3638 102
3639 4
3640 3
3641 86
3642 0
3643 156
3644 1
3645 0
3646 7
3647 2
3648 0
3649 11
3650 0
3651 1
3652 0
3653 0
3654 2
3655 6
3656 4
3657 3
3658 0
3659 0
3660 3
3661 5
3662 0
3663 39
3664 0
3665 5
3666 73
3667 1
3668 23
3669 0
3670 0
3671 2
3672 2
3673 5
3674 4
3675 0
3676 540
3677 1
3678 6
3679 0
3680 4
3681 0
3682 6
3683 7
3684 1
3685 11
3686 3
3687 2
3688 1
3689 0
3690 1
3691 0
3692 0
3693 0
3694 0
3695 1
3696 3
3697 5
3698 11
3699 0
3700 0
3701 0
3702 2
3703 3
3704 2
3705 58
3706 0
3707 3705
3708 1
3709 0
3710 0
3711 1
3712 1
3713 7
3714 0
3715 9
3716 5
3717 3
3718 7
3719 1
3720 0
3721 0
3722 4
3723 1
3724 0
3725 3
3726 6
3727 11
3728 3
3729 0
3730 0
3731 3
3732 0
3733 3
3734 1
3735 5
3736 0
3737 2
3738 0
3739 319
3740 0
3741 1
3742 110
3743 34
3744 0
3745 33
3746 0
3747 194
3748 0
3749 5
3750 0
3751 3
3752 4
3753 6
3754 1
3755 16
3756 1
3757 2
3758 1
3759 17
3760 2
3761 23
3762 64
3763 0
3764 0
3765 1
3766 0
3767 0
3768 0
3769 2
3770 0
3771 0
3772 6
3773 7
3774 3
3775 5
3776 1
3777 3
3778 0
3779 2
3780 7
3781 0
3782 0
3783 0
3784 8
3785 0
3786 0
3787 11
3788 0
3789 1
3790 191
3791 4
3792 12
3793 4
3794 0
3795 7
3796 2
3797 0
3798 6
3799 30
3800 1
3801 12
3802 0
3803 5
3804 0
3805 2
3806 98
3807 2
3808 0
3809 1
3810 4
3811 2
3812 4
3813 2
3814 1
3815 5
3816 3
3817 0
3818 1
3819 3
3820 0
3821 0
3822 1
3823 1
3824 1
3825 0
3826 0
3827 0
3828 34
3829 1
3830 4
3831 0
3832 0
3833 2
3834 0
3835 1
3836 13
3837 2
3838 0
3839 0
3840 347
3841 1
3842 5
3843 1
3844 3
3845 0
3846 0
3847 9
3848 8
3849 7
3850 1
3851 5
3852 6
3853 0
3854 83
3855 1
3856 18
3857 1
3858 1
3859 7
3860 3
3861 0
3862 1
3863 10
3864 6
3865 1
3866 56
3867 0
3868 0
3869 1
3870 11
3871 1
3872 3
3873 1
3874 18
3875 135
3876 1
3877 157
3878 0
3879 3
3880 17
3881 0
3882 89
3883 2
3884 104
3885 2
3886 12
3887 1
3888 1
3889 92
3890 34
3891 18
3892 3
3893 1
3894 2
3895 8
3896 0
3897 6
3898 1
3899 7
3900 22
3901 0
3902 4
3903 7
3904 2
3905 0
3906 13
3907 1
3908 0
3909 27
3910 2
3911 0
3912 0
3913 0
3914 1
3915 1
3916 7
3917 0
3918 4
3919 0
3920 14
3921 0
3922 0
3923 0
3924 2
3925 0
3926 0
3927 10
3928 1
3929 15
3930 47
3931 35
3932 1
3933 3
3934 6
3935 15
3936 0
3937 4
3938 21
3939 5
3940 2
3941 0
3942 1
3943 0
3944 4
3945 2
3946 5
3947 0
3948 10
3949 0
3950 1
3951 0
3952 1
3953 22
3954 0
3955 7
3956 0
3957 0
3958 0
3959 3
3960 4
3961 0
3962 0
3963 2
3964 38
3965 4
3966 0
3967 138
3968 0
3969 1
3970 0
3971 1
3972 3
3973 2
3974 6
3975 2
3976 6
3977 2
3978 0
3979 0
3980 0
3981 134
3982 6
3983 0
3984 1
3985 1
3986 0
3987 1
3988 0
3989 7
3990 1
3991 3
3992 0
3993 2
3994 11
3995 1
3996 0
3997 2
3998 0
3999 1
4000 52
4001 23
4002 0
4003 0
4004 41
4005 5
4006 3
4007 1
4008 0
4009 1
4010 4
4011 1
4012 8
4013 0
4014 1
4015 1
4016 2
4017 1
4018 0
4019 9
4020 10
4021 3
4022 2
4023 1
4024 0
4025 3
4026 0
4027 5
4028 0
4029 8
4030 0
4031 0
4032 3
4033 0
4034 3
4035 3
4036 1
4037 0
4038 0
4039 0
4040 1
4041 1
4042 0
4043 4
4044 2
4045 4
4046 0
4047 3
4048 0
4049 662
4050 1
4051 5
4052 0
4053 1
4054 6
4055 6
4056 4
4057 8
4058 0
4059 0
4060 1
4061 0
4062 5
4063 2
4064 10
4065 3
4066 19
4067 4
4068 6
4069 1
4070 4
4071 2
4072 0
4073 0
4074 6
4075 3
4076 2
4077 10
4078 0
4079 1
4080 11
4081 5
4082 7
4083 0
4084 7
4085 1
4086 0
4087 3
4088 1
4089 0
4090 1
4091 69
4092 2
4093 19
4094 0
4095 5
4096 1
4097 5
4098 1
4099 2
4100 0
4101 11
4102 0
4103 1
4104 0
4105 0
4106 1
4107 0
4108 54
4109 1
4110 0
4111 4
4112 0
4113 0
4114 3
4115 7
4116 5
4117 2
4118 14
4119 0
4120 4
4121 21
4122 0
4123 0
4124 0
4125 18
4126 4
4127 3
4128 0
4129 0
4130 0
4131 0
4132 0
4133 1
4134 2
4135 0
4136 21
4137 0
4138 1
4139 107
4140 1
4141 2
4142 63
4143 1
4144 0
4145 3
4146 1
4147 2
4148 0
4149 0
4150 0
4151 5
4152 0
4153 7
4154 3
4155 9
4156 4
4157 0
4158 24
4159 0
4160 3
4161 4
4162 9
4163 0
4164 15
4165 1
4166 5
4167 142
4168 10
4169 6
4170 1
4171 2
4172 1
4173 1
4174 8
4175 5
4176 2
4177 2
4178 4
4179 5
4180 7
4181 9
4182 1
4183 5
4184 1
4185 10
4186 0
4187 4
4188 0
4189 12
4190 0
4191 4
4192 0
4193 41
4194 3
4195 5
4196 2
4197 0
4198 2
4199 1
4200 0
4201 0
4202 0
4203 6
4204 3
4205 11
4206 25
4207 1
4208 1
4209 3
4210 0
4211 6
4212 0
4213 5
4214 5
4215 0
4216 5
4217 8
4218 0
4219 1
4220 0
4221 6
4222 0
4223 0
4224 12
4225 0
4226 3
4227 64
4228 7
4229 5
4230 42
4231 85
4232 28
4233 0
4234 2
4235 0
4236 13
4237 5
4238 2
4239 4
4240 0
4241 2
4242 7
4243 0
4244 1
4245 7
4246 3
4247 2
4248 2
4249 5
4250 0
4251 2
4252 38
4253 0
4254 0
4255 2
4256 0
4257 4
4258 1
4259 16
4260 2
4261 2
4262 6
4263 0
4264 1
4265 8
4266 2
4267 0
4268 0
4269 2
4270 0
4271 1
4272 17
4273 1
4274 4
4275 1
4276 19
4277 2
4278 0
4279 2
4280 0
4281 4
4282 0
4283 0
4284 77
4285 1
4286 3
4287 20
4288 30
4289 0
4290 2
4291 0
4292 2
4293 0
4294 1
4295 0
4296 1
4297 51
4298 2
4299 2
4300 13
4301 3
4302 1
4303 0
4304 11
4305 9
4306 1
4307 0
4308 2
4309 0
4310 0
4311 2
4312 3
4313 2
4314 12
4315 4
4316 0
4317 0
4318 0
4319 1
4320 1
4321 0
4322 0
4323 2
4324 0
4325 2
4326 133
4327 1
4328 1
4329 0
4330 0
4331 63
4332 0
4333 3
4334 0
4335 17
4336 1
4337 5
4338 3
4339 0
4340 51
4341 0
4342 22
4343 2
4344 0
4345 1
4346 0
4347 1
4348 0
4349 0
4350 1
4351 18
4352 3
4353 4
4354 0
4355 5
4356 3
4357 0
4358 1
4359 9
4360 1
4361 27
4362 1
4363 7
4364 0
4365 68
4366 4
4367 0
4368 0
4369 1
4370 3
4371 0
4372 2
4373 0
4374 0
4375 0
4376 0
4377 1
4378 6
4379 3
4380 0
4381 80
4382 0
4383 0
4384 1
4385 0
4386 0
4387 1
4388 19
4389 3
4390 0
4391 2
4392 2
4393 8
4394 1
4395 0
4396 7
4397 1
4398 14
4399 0
4400 0
4401 0
4402 3
4403 0
4404 1
4405 7
4406 0
4407 1
4408 1
4409 25
4410 1
4411 3
4412 1
4413 3
4414 0
4415 2
4416 0
4417 4
4418 1
4419 1
4420 0
4421 24
4422 2
4423 0
4424 4
4425 6
4426 0
4427 1
4428 5
4429 0
4430 4
4431 1
4432 6
4433 46
4434 3
4435 3
4436 0
4437 3
4438 0
4439 4
4440 0
4441 0
4442 0
4443 0
4444 0
4445 53
4446 7
4447 3
4448 0
4449 11
4450 1
4451 1
4452 0
4453 2
4454 1
4455 4
4456 1
4457 1
4458 13
4459 1
4460 0
4461 0
4462 3
4463 2
4464 1
4465 0
4466 0
4467 3
4468 4
4469 2
4470 7
4471 4
4472 9
4473 3
4474 3
4475 4
4476 0
4477 1
4478 2
4479 0
4480 4
4481 0
4482 0
4483 0
4484 3
4485 0
4486 53
4487 1
4488 6
4489 1
4490 3
4491 1
4492 41
4493 0
4494 1
4495 1
4496 2
4497 0
4498 1
4499 20
4500 1
4501 5
4502 1
4503 0
4504 1
4505 23
4506 3
4507 4
4508 2
4509 6
4510 24
4511 1
4512 1
4513 0
4514 4
4515 5
4516 2
4517 1
4518 1
4519 2
4520 0
4521 0
4522 0
4523 1
4524 36
4525 0
4526 8
4527 2
4528 17
4529 0
4530 6
4531 0
4532 1
4533 0
4534 0
4535 4
4536 0
4537 0
4538 22
4539 16
4540 5
4541 2
4542 2
4543 0
4544 4
4545 0
4546 10
4547 0
4548 1
4549 7
4550 0
4551 1
4552 0
4553 4
4554 1
4555 15
4556 0
4557 0
4558 0
4559 5
4560 0
4561 3
4562 0
4563 1
4564 47
4565 0
4566 0
4567 0
4568 4
4569 1
4570 2
4571 6
4572 5
4573 0
4574 9
4575 40
4576 1
4577 0
4578 3
4579 0
4580 3
4581 1
4582 0
4583 0
4584 5
4585 1
4586 0
4587 2
4588 13
4589 1
4590 0
4591 0
4592 2
4593 1
4594 2
4595 12
4596 0
4597 0
4598 1
4599 4
4600 1
4601 6
4602 0
4603 12
4604 8
4605 5
4606 0
4607 0
4608 0
4609 5
4610 3
4611 2
4612 10
4613 0
4614 4
4615 0
4616 229
4617 0
4618 0
4619 1
4620 3
4621 1
4622 5
4623 4
4624 5
4625 0
4626 2
4627 56
4628 0
4629 9
4630 0
4631 6
4632 15
4633 3
4634 0
4635 0
4636 2
4637 5
4638 0
4639 0
4640 10
4641 1
4642 4
4643 4
4644 0
4645 3
4646 1
4647 1
4648 1
4649 1
4650 5
4651 0
4652 12
4653 7
4654 0
4655 9
4656 8
4657 0
4658 3
4659 1
4660 4
4661 0
4662 7
4663 88
4664 0
4665 7
4666 0
4667 4
4668 3
4669 3
4670 11
4671 0
4672 2
4673 10
4674 4
4675 0
4676 10
4677 0
4678 0
4679 3
4680 1
4681 1
4682 2
4683 23
4684 1
4685 2
4686 1
4687 1
4688 1
4689 1
4690 2
4691 3
4692 0
4693 18
4694 0
4695 0
4696 9
4697 18
4698 5
4699 2
4700 2
4701 1
4702 2
4703 0
4704 8
4705 0
4706 0
4707 1
4708 1
4709 0
4710 1
4711 6
4712 0
4713 22
4714 1
4715 0
4716 6
4717 18
4718 0
4719 3
4720 1
4721 7
4722 0
4723 0
4724 138
4725 1
4726 2
4727 0
4728 10
4729 17
4730 0
4731 0
4732 1
4733 19
4734 0
4735 1
4736 1
4737 1
4738 1
4739 13
4740 1
4741 0
4742 0
4743 10
4744 16
4745 5
4746 4
4747 11
4748 6
4749 0
4750 2
4751 0
4752 4
4753 17
4754 1
4755 20
4756 1
4757 0
4758 0
4759 2
4760 1
4761 0
4762 10
4763 3
4764 0
4765 3
4766 0
4767 135
4768 0
4769 50
4770 4
4771 4
4772 2
4773 0
4774 2
4775 5
4776 0
4777 31
4778 11
4779 77
4780 1
4781 21
4782 0
4783 4
4784 0
4785 1
4786 0
4787 0
4788 0
4789 0
4790 1
4791 0
4792 0
4793 0
4794 5
4795 11
4796 14
4797 5
4798 4
4799 8
4800 1
4801 7583
4802 0
4803 0
4804 4
4805 0
4806 10
4807 0
4808 3
4809 7
4810 8
4811 3
4812 3
4813 2
4814 1
4815 3
4816 1
4817 3
4818 0
4819 1
4820 1
4821 3
4822 0
4823 5
4824 5
4825 0
4826 1
4827 1
4828 0
4829 7
4830 0
4831 1
4832 1
4833 1
4834 4
4835 1
4836 115
4837 3
4838 0
4839 1
4840 6
4841 1
4842 4
4843 1
4844 20
4845 0
4846 0
4847 3
4848 2
4849 11
4850 72
4851 0
4852 1
4853 3
4854 4
4855 3
4856 0
4857 1
4858 0
4859 1
4860 0
4861 0
4862 2
4863 0
4864 0
4865 0
4866 3
4867 6
4868 6
4869 2
4870 0
4871 0
4872 0
4873 0
4874 2
4875 0
4876 2
4877 1
4878 51
4879 7
4880 0
4881 0
4882 4
4883 2
4884 142
4885 1
4886 0
4887 5
4888 4
4889 12
4890 8
4891 17
4892 0
4893 57
4894 10
4895 2
4896 2
4897 1
4898 3
4899 6
4900 13
4901 1
4902 0
4903 1
4904 5
4905 8
4906 6
4907 3
4908 8
4909 18
4910 1
4911 5
4912 0
4913 9
4914 2
4915 11
4916 0
4917 18
4918 1
4919 13
4920 15
4921 0
4922 26
4923 0
4924 4
4925 25
4926 0
4927 5
4928 1
4929 0
4930 5
4931 72
4932 5
4933 0
4934 1
4935 8
4936 1
4937 11
4938 8
4939 0
4940 243
4941 1
4942 2
4943 0
4944 5
4945 0
4946 2
4947 0
4948 0
4949 34
4950 1
4951 2
4952 16
4953 0
4954 1
4955 2
4956 50
4957 1
4958 1
4959 12
4960 2
4961 0
4962 2
4963 1
4964 3
4965 0
4966 1
4967 21
4968 3
4969 11
4970 3
4971 1
4972 3
4973 12
4974 5
4975 0
4976 0
4977 0
4978 6
4979 2
4980 0
4981 4
4982 5
4983 0
4984 2
4985 0
4986 6
4987 2
4988 0
4989 0
4990 3
4991 260
4992 3
4993 11
4994 1
4995 0
4996 15
4997 0
4998 4
4999 0
5000 6
5001 10
5002 75
5003 0
5004 8
5005 1
5006 1
5007 0
5008 21
5009 2
5010 0
5011 22
5012 0
5013 1
5014 5
5015 1
5016 4
5017 6
5018 0
5019 1
5020 0
5021 3
5022 6
5023 0
5024 0
5025 1
5026 0
5027 4
5028 127
5029 21
5030 6
5031 6
5032 120
5033 1
5034 0
5035 7
5036 45
5037 0
5038 2
5039 0
5040 0
5041 0
5042 0
5043 0
5044 0
5045 3
5046 262
5047 4
5048 2
5049 2
5050 0
5051 0
5052 0
5053 3
5054 0
5055 8
5056 10
5057 12
5058 1
5059 3
5060 1
5061 42
5062 6
5063 11
5064 1
5065 1
5066 0
5067 0
5068 0
5069 187
5070 5
5071 14
5072 5
5073 0
5074 3
5075 0
5076 1
5077 0
5078 1
5079 0
5080 14
5081 6
5082 4
5083 4
5084 13
5085 1
5086 1
5087 15
5088 4
5089 0
5090 0
5091 0
5092 2
5093 1
5094 1
5095 0
5096 0
5097 6
5098 1
5099 6
5100 7
5101 0
5102 3
5103 11
5104 7
5105 7
5106 0
5107 15
5108 3
5109 7
5110 18
5111 0
5112 0
5113 3
5114 2
5115 52
5116 1
5117 4
5118 2
5119 9
5120 2
5121 3
5122 0
5123 324
5124 11
5125 11
5126 0
5127 1
5128 0
5129 6
5130 0
5131 17
5132 4
5133 0
5134 1
5135 3
5136 0
5137 7
5138 0
5139 3
5140 28
5141 1
5142 0
5143 7
5144 6
5145 0
5146 1
5147 0
5148 48
5149 2
5150 0
5151 6
5152 1
5153 0
5154 3
5155 0
5156 0
5157 1
5158 0
5159 0
5160 0
5161 1
5162 10
5163 1
5164 1
5165 3
5166 1
5167 2
5168 0
5169 0
5170 3
5171 5
5172 2
5173 0
5174 1
5175 0
5176 5
5177 4
5178 2
5179 3
5180 3
5181 11
5182 6
5183 0
5184 0
5185 29
5186 0
5187 0
5188 2
5189 5
5190 1
5191 0
5192 4
5193 3
5194 12
5195 0
5196 2
5197 0
5198 8
5199 0
5200 0
5201 0
5202 1
5203 0
5204 0
5205 0
5206 1
5207 0
5208 6
5209 4
5210 0
5211 5
5212 13
5213 81
5214 3
5215 0
5216 0
5217 0
5218 22
5219 1
5220 6
5221 2
5222 2
5223 3
5224 3
5225 0
5226 2
5227 0
5228 0
5229 5
5230 7
5231 12
5232 4
5233 0
5234 0
5235 7
5236 26
5237 1
5238 0
5239 5
5240 732
5241 4
5242 0
5243 0
5244 0
5245 0
5246 0
5247 10
5248 1
5249 4
5250 0
5251 0
5252 1
5253 0
5254 18
5255 0
5256 13
5257 0
5258 7
5259 0
5260 2
5261 2
5262 6
5263 18
5264 1
5265 0
5266 3
5267 2
5268 22
5269 0
5270 1
5271 0
5272 3
5273 3
5274 1
5275 1
5276 195
5277 9
5278 0
5279 3
5280 0
5281 29
5282 0
5283 2
5284 15
5285 1
5286 2
5287 20
5288 1
5289 0
5290 18
5291 0
5292 2
5293 42
5294 0
5295 1
5296 0
5297 0
5298 0
5299 44
5300 3
5301 11
5302 0
5303 2
5304 24
5305 0
5306 3
5307 2
5308 0
5309 0
5310 2
5311 11
5312 3
5313 6
5314 3
5315 1
5316 0
5317 0
5318 0
5319 2
5320 3
5321 0
5322 9
5323 3
5324 10
5325 1
5326 14
5327 1
5328 0
5329 0
5330 1
5331 0
5332 0
5333 1
5334 0
5335 0
5336 13
5337 2
5338 3
5339 0
5340 1
5341 32
5342 3
5343 3
5344 0
5345 0
5346 1
5347 2
5348 0
5349 1
5350 2
5351 2
5352 2
5353 6
5354 0
5355 21
5356 6
5357 25
5358 0
5359 1
5360 1
5361 17
5362 0
5363 1
5364 2
5365 5
5366 2
5367 0
5368 6
5369 1
5370 10
5371 20
5372 0
5373 50
5374 0
5375 1
5376 1
5377 1
5378 5
5379 1
5380 0
5381 2
5382 2
5383 0
5384 0
5385 0
5386 2
5387 31
5388 1
5389 54
5390 8
5391 0
5392 0
5393 1
5394 1
5395 1
5396 11
5397 0
5398 0
5399 0
5400 31
5401 1
5402 7
5403 1
5404 1
5405 8
5406 3
5407 4
5408 0
5409 11
5410 4
5411 3
5412 1
5413 2
5414 3
5415 0
5416 0
5417 11
5418 2
5419 7
5420 0
5421 4
5422 0
5423 14
5424 8
5425 2
5426 0
5427 0
5428 27
5429 0
5430 3
5431 0
5432 2
5433 14
5434 68
5435 20
5436 4
5437 0
5438 0
5439 4
5440 0
5441 129
5442 0
5443 5
5444 26
5445 0
5446 5
5447 2
5448 4
5449 28
5450 0
5451 2
5452 10
5453 0
5454 0
5455 0
5456 3
5457 8
5458 8
5459 9
5460 13
5461 0
5462 0
5463 17
5464 0
5465 0
5466 0
5467 0
5468 3
5469 1
5470 3
5471 5
5472 0
5473 15
5474 2
5475 2
5476 1
5477 3
5478 7
5479 3
5480 0
5481 0
5482 0
5483 7
5484 2
5485 1
5486 0
5487 13
5488 0
5489 3
5490 0
5491 1
5492 0
5493 0
5494 0
5495 12
5496 0
5497 6
5498 0
5499 0
5500 60
5501 1
5502 0
5503 3
5504 1
5505 2
5506 5
5507 0
5508 6
5509 0
5510 0
5511 108
5512 7
5513 11
5514 2
5515 0
5516 8
5517 0
5518 1
5519 0
5520 1
5521 1
5522 0
5523 3
5524 2
5525 2
5526 0
5527 0
5528 1
5529 0
5530 116
5531 0
5532 1
5533 2
5534 109
5535 0
5536 12
5537 3
5538 5
5539 0
5540 0
5541 28
5542 0
5543 0
5544 0
5545 0
5546 1
5547 0
5548 0
5549 0
5550 8
5551 5
5552 6
5553 10
5554 0
5555 0
5556 2
5557 3
5558 0
5559 0
5560 0
5561 0
5562 9
5563 14
5564 7
5565 0
5566 0
5567 0
5568 0
5569 19
5570 1
5571 4
5572 2
5573 3
5574 6
5575 2
5576 10
5577 2
5578 2
5579 0
5580 37
5581 3
5582 2
5583 0
5584 31
5585 2
5586 15
5587 0
5588 0
5589 0
5590 3
5591 2
5592 0
5593 3
5594 0
5595 3
5596 12
5597 5
5598 1
5599 7
5600 0
5601 0
5602 2
5603 0
5604 5
5605 4
5606 2
5607 0
5608 4
5609 26
5610 0
5611 0
5612 0
5613 0
5614 1
5615 0
5616 2
5617 0
5618 0
5619 0
5620 0
5621 7
5622 1
5623 5
5624 7
5625 21
5626 3
5627 8
5628 1
5629 55
5630 7
5631 1
5632 2
5633 2
5634 0
5635 31
5636 1
5637 3
5638 0
5639 2
5640 121
5641 13
5642 0
5643 0
5644 0
5645 1
5646 143
5647 0
5648 33
5649 25
5650 27
5651 0
5652 9
5653 0
5654 2
5655 0
5656 3
5657 0
5658 4
5659 1
5660 7
5661 0
5662 0
5663 2
5664 2
5665 1
5666 1
5667 2
5668 3
5669 6
5670 6
5671 12
5672 1
5673 1
5674 0
5675 0
5676 2
5677 5
5678 0
5679 1
5680 1
5681 71
5682 3
5683 0
5684 2
5685 3
5686 3
5687 1
5688 1
5689 1
5690 2
5691 15
5692 8
5693 0
5694 1
5695 3
5696 0
5697 1
5698 2
5699 4
5700 0
5701 1
5702 1
5703 0
5704 0
5705 7
5706 2
5707 0
5708 0
5709 3
5710 19
5711 0
5712 0
5713 7
5714 0
5715 1
5716 110
5717 1
5718 0
5719 5
5720 3
5721 1
5722 0
5723 1
5724 1
5725 1
5726 5
5727 0
5728 6
5729 10
5730 1
5731 2
5732 2
5733 3
5734 18
5735 0
5736 1
5737 1
5738 0
5739 0
5740 1
5741 0
5742 0
5743 0
5744 0
5745 10
5746 0
5747 0
5748 37
5749 0
5750 2
5751 1
5752 17
5753 1
5754 11
5755 0
5756 2
5757 34
5758 61
5759 2
5760 0
5761 0
5762 11
5763 7
5764 2
5765 1
5766 0
5767 7
5768 0
5769 1
5770 0
5771 16
5772 0
5773 4
5774 12
5775 1
5776 1
5777 0
5778 20
5779 1
5780 1
5781 0
5782 12
5783 0
5784 0
5785 1
5786 7
5787 48
5788 21
5789 2
5790 45
5791 0
5792 5
5793 17
5794 18
5795 3
5796 4
5797 0
5798 0
5799 1
5800 1
5801 4
5802 0
5803 6
5804 0
5805 8
5806 7
5807 1
5808 8
5809 4
5810 0
5811 6
5812 0
5813 19
5814 0
5815 0
5816 1
5817 6
5818 8
5819 0
5820 3
5821 5
5822 7
5823 0
5824 47
5825 703
5826 0
5827 8
5828 0
5829 4
5830 4
5831 1
5832 0
5833 8
5834 1
5835 1
5836 0
5837 3
5838 0
5839 0
5840 0
5841 0
5842 3
5843 1
5844 2
5845 3
5846 1
5847 1
5848 5
5849 24
5850 6
5851 1
5852 0
5853 3
5854 36
5855 157
5856 0
5857 0
5858 0
5859 19
5860 4
5861 2
5862 0
5863 1
5864 6
5865 2
5866 0
5867 3
5868 0
5869 0
5870 0
5871 8
5872 0
5873 3
5874 3
5875 45
5876 2
5877 3
5878 0
5879 1
5880 0
5881 0
5882 15
5883 10
5884 9
5885 0
5886 17
5887 29
5888 3
5889 3
5890 0
5891 0
5892 0
5893 1
5894 5
5895 7
5896 0
5897 9
5898 4
5899 3
5900 5
5901 0
5902 0
5903 0
5904 4
5905 2
5906 2
5907 0
5908 0
5909 8
5910 0
5911 137
5912 0
5913 5
5914 6
5915 2
5916 1
5917 1
5918 0
5919 2
5920 0
5921 43
5922 10
5923 1
5924 18
5925 3
5926 1
5927 0
5928 1
5929 1
5930 1
5931 1
5932 0
5933 1
5934 12
5935 0
5936 0
5937 18
5938 74
5939 1
5940 4
5941 4
5942 0
5943 0
5944 0
5945 2
5946 36
5947 5
5948 0
5949 2
5950 1
5951 0
5952 58
5953 2
5954 7
5955 0
5956 17
5957 13
5958 94
5959 1
5960 0
5961 1
5962 11
5963 5
5964 1
5965 5
5966 12
5967 0
5968 1
5969 0
5970 17
5971 0
5972 1
5973 9
5974 8
5975 262
5976 8
5977 23
5978 2
5979 8
5980 145
5981 0
5982 30
5983 11
5984 4
5985 4
5986 3
5987 11
5988 2
5989 6
5990 0
5991 13
5992 0
5993 1
5994 6
5995 18
5996 9
5997 1
5998 2
5999 21
6000 16
6001 3
6002 1
6003 0
6004 0
6005 1
6006 141
6007 0
6008 6
6009 0
6010 3
6011 0
6012 1
6013 6
6014 13
6015 1
6016 1
6017 0
6018 0
6019 5
6020 2
6021 2
6022 10
6023 6
6024 2
6025 10
6026 0
6027 1
6028 0
6029 0
6030 3
6031 3
6032 0
6033 12
6034 11
6035 0
6036 1
6037 1
6038 3
6039 0
6040 0
6041 2
6042 2
6043 0
6044 1
6045 1
6046 18
6047 0
6048 2
6049 49
6050 1
6051 0
6052 2
6053 0
6054 219
6055 0
6056 2
6057 24
6058 1
6059 4
6060 1
6061 0
6062 7
6063 0
6064 29
6065 1
6066 7
6067 0
6068 0
6069 0
6070 2
6071 10
6072 4
6073 2
6074 1
6075 0
6076 4
6077 5
6078 9
6079 108
6080 7
6081 12
6082 2
6083 3
6084 13
6085 4
6086 4
6087 0
6088 3
6089 0
6090 0
6091 1
6092 15
6093 1
6094 0
6095 2
6096 0
6097 8
6098 5
6099 6
6100 15
6101 2
6102 0
6103 28
6104 1
6105 2
6106 5
6107 1
6108 7
6109 4
6110 3
6111 10
6112 0
6113 10
6114 0
6115 10
6116 215
6117 1
6118 11
6119 4
6120 29
6121 7
6122 4
6123 0
6124 1
6125 6
6126 3
6127 5
6128 9
6129 2
6130 18
6131 16
6132 1
6133 5
6134 0
6135 45
6136 9
6137 7
6138 0
6139 5
6140 0
6141 1
6142 4
6143 8
6144 2
6145 14
6146 0
6147 4
6148 26
6149 32
6150 0
6151 2
6152 4
6153 2
6154 2
6155 0
6156 0
6157 5
6158 2
6159 1
6160 40
6161 43
6162 3
6163 0
6164 2
6165 1
6166 0
6167 0
6168 0
6169 3
6170 3
6171 0
6172 1
6173 1
6174 1
6175 7
6176 10
6177 1
6178 21
6179 2
6180 0
6181 0
6182 6
6183 55
6184 0
6185 7
6186 0
6187 50
6188 0
6189 15
6190 2
6191 14
6192 47
6193 13
6194 1
6195 0
6196 6
6197 1
6198 5
6199 2
6200 0
6201 8
6202 15
6203 40
6204 24
6205 24
6206 1
6207 17
6208 0
6209 5
6210 0
6211 3
6212 0
6213 0
6214 3
6215 0
6216 1
6217 0
6218 12
6219 0
6220 1
6221 1
6222 1
6223 5
6224 1
6225 5
6226 13
6227 3
6228 16
6229 20
6230 5
6231 7
6232 3
6233 7
6234 5
6235 1
6236 5
6237 0
6238 1
6239 16
6240 1
6241 0
6242 0
6243 8
6244 1
6245 3
6246 5
6247 0
6248 0
6249 7
6250 1
6251 1
6252 24
6253 0
6254 5
6255 0
6256 2
6257 1
6258 25
6259 0
6260 8
6261 3
6262 1
6263 6
6264 18
6265 2
6266 15
6267 114
6268 12
6269 0
6270 3
6271 2
6272 10
6273 83
6274 1
6275 23
6276 1
6277 3
6278 2
6279 2
6280 2
6281 0
6282 1
6283 45
6284 3
6285 2
6286 23
6287 0
6288 0
6289 1
6290 1
6291 0
6292 0
6293 0
6294 2
6295 1
6296 4
6297 12
6298 14
6299 0
6300 2
6301 8
6302 4
6303 1
6304 0
6305 0
6306 0
6307 0
6308 2
6309 60
6310 0
6311 0
6312 6
6313 4
6314 0
6315 1
6316 0
6317 3
6318 0
6319 0
6320 1
6321 6
6322 4
6323 7
6324 0
6325 3
6326 8
6327 29
6328 61
6329 2
6330 0
6331 3
6332 3
6333 1
6334 0
6335 0
6336 6
6337 0
6338 1
6339 0
6340 5
6341 0
6342 40
6343 2
6344 55
6345 26
6346 2
6347 0
6348 1
6349 1
6350 37
6351 5
6352 1
6353 2
6354 85
6355 1
6356 3
6357 0
6358 0
6359 3
6360 0
6361 0
6362 0
6363 1
6364 0
6365 8
6366 11
6367 5
6368 1
6369 5
6370 17
6371 17
6372 1
6373 1
6374 1
6375 1
6376 1
6377 3
6378 1
6379 0
6380 2
6381 7
6382 4
6383 6
6384 56
6385 7
6386 1
6387 0
6388 12
6389 1
6390 0
6391 2
6392 4
6393 0
6394 0
6395 95
6396 0
6397 5
6398 4
6399 4
6400 4
6401 64
6402 16
6403 0
6404 0
6405 9
6406 0
6407 1
6408 0
6409 5
6410 0
6411 0
6412 0
6413 0
6414 0
6415 0
6416 30
6417 9
6418 7
6419 8
6420 2
6421 11
6422 47
6423 3
6424 0
6425 6
6426 0
6427 0
6428 2
6429 1
6430 3
6431 0
6432 3
6433 0
6434 1
6435 6
6436 7
6437 18
6438 0
6439 0
6440 0
6441 0
6442 0
6443 1
6444 3
6445 0
6446 2
6447 0
6448 40
6449 0
6450 14
6451 2
6452 0
6453 0
6454 1
6455 8
6456 0
6457 2
6458 4
6459 0
6460 8
6461 25
6462 0
6463 3
6464 1
6465 2
6466 3
6467 16
6468 4
6469 0
6470 0
6471 2
6472 1
6473 1
6474 0
6475 3
6476 18
6477 4
6478 0
6479 119
6480 1
6481 16
6482 0
6483 1
6484 0
6485 17
6486 1
6487 1
6488 24
6489 0
6490 0
6491 0
6492 1
6493 11
6494 3
6495 6
6496 2
6497 2
6498 2
6499 0
6500 5
6501 1
6502 6
6503 0
6504 0
6505 32
6506 19
6507 2
6508 3
6509 3
6510 2
6511 68
6512 0
6513 9
6514 9
6515 0
6516 2
6517 9
6518 5
6519 0
6520 0
6521 38
6522 24
6523 0
6524 0
6525 0
6526 20
6527 0
6528 4
6529 0
6530 5
6531 3
6532 0
6533 1
6534 3
6535 1
6536 10
6537 3
6538 0
6539 0
6540 0
6541 5
6542 0
6543 0
6544 0
6545 0
6546 2
6547 19
6548 1
6549 3
6550 3
6551 7
6552 17
6553 3
6554 1
6555 0
6556 2
6557 2
6558 0
6559 3
6560 0
6561 0
6562 1
6563 0
6564 0
6565 0
6566 0
6567 1
6568 2
6569 3
6570 4
6571 1
6572 15
6573 1
6574 2
6575 1
6576 6
6577 5
6578 7
6579 19
6580 0
6581 0
6582 9
6583 0
6584 0
6585 1
6586 69
6587 92
6588 2
6589 0
6590 3
6591 6
6592 221
6593 4
6594 3
6595 1
6596 0
6597 87
6598 0
6599 0
6600 1
6601 1
6602 1
6603 1
6604 4
6605 2
6606 1
6607 0
6608 0
6609 1
6610 0
6611 8
6612 10
6613 0
6614 0
6615 2
6616 1
6617 0
6618 0
6619 2
6620 2
6621 1
6622 8
6623 4
6624 25
6625 0
6626 2
6627 0
6628 1
6629 1
6630 0
6631 1
6632 0
6633 1
6634 3
6635 12
6636 0
6637 2
6638 0
6639 23
6640 0
6641 2
6642 0
6643 0
6644 0
6645 1
6646 21
6647 2
6648 0
6649 2
6650 1
6651 17
6652 11
6653 2
6654 0
6655 23
6656 2
6657 2
6658 15
6659 2
6660 15
6661 0
6662 1
6663 15
6664 1
6665 10
6666 3
6667 0
6668 0
6669 18
6670 2
6671 4
6672 1
6673 530
6674 27
6675 4
6676 1
6677 3
6678 3
6679 5
6680 0
6681 1
6682 3
6683 0
6684 0
6685 3
6686 0
6687 0
6688 4
6689 1
6690 0
6691 2
6692 0
6693 3
6694 6
6695 15
6696 1
6697 5
6698 0
6699 0
6700 0
6701 0
6702 3
6703 12
6704 3
6705 3
6706 2
6707 0
6708 0
6709 11
6710 0
6711 0
6712 3
6713 2
6714 8
6715 0
6716 1
6717 4
6718 3
6719 11
6720 8
6721 2
6722 4
6723 38
6724 0
6725 5
6726 4
6727 4949
6728 0
6729 15
6730 288
6731 0
6732 0
6733 0
6734 0
6735 1
6736 2
6737 13
6738 10
6739 8
6740 1
6741 5
6742 36
6743 0
6744 0
6745 3
6746 0
6747 0
6748 252
6749 0
6750 0
6751 5
6752 1
6753 8
6754 4
6755 8
6756 0
6757 11
6758 0
6759 20
6760 0
6761 6
6762 2
6763 3
6764 2
6765 12
6766 0
6767 15
6768 9
6769 1
6770 3
6771 0
6772 0
6773 0
6774 1
6775 1
6776 0
6777 0
6778 0
6779 1
6780 0
6781 14
6782 2
6783 6
6784 2
6785 0
6786 0
6787 1
6788 0
6789 1
6790 0
6791 0
6792 15
6793 0
6794 0
6795 1
6796 22
6797 4
6798 4
6799 0
6800 3
6801 0
6802 0
6803 2
6804 1
6805 5
6806 0
6807 4
6808 0
6809 0
6810 125
6811 3
6812 3
6813 2
6814 42
6815 0
6816 0
6817 5
6818 86
6819 3
6820 2
6821 2
6822 1
6823 1
6824 0
6825 2
6826 15
6827 3
6828 0
6829 11
6830 0
6831 0
6832 0
6833 1
6834 2
6835 1
6836 4
6837 6
6838 0
6839 1
6840 3
6841 4
6842 0
6843 2
6844 6
6845 5
6846 10
6847 0
6848 0
6849 0
6850 1
6851 3
6852 320
6853 0
6854 2
6855 1
6856 0
6857 0
6858 1
6859 0
6860 66
6861 0
6862 0
6863 1
6864 9
6865 0
6866 7
6867 6
6868 10
6869 9
6870 1
6871 0
6872 1
6873 0
6874 0
6875 0
6876 0
6877 0
6878 0
6879 2
6880 2
6881 1
6882 2
6883 4
6884 3
6885 0
6886 1
6887 0
6888 7
6889 58
6890 1
6891 0
6892 0
6893 0
6894 0
6895 1
6896 4
6897 10
6898 9
6899 0
6900 2
6901 17
6902 0
6903 0
6904 11
6905 0
6906 1
6907 233
6908 1
6909 4
6910 0
6911 4
6912 0
6913 15
6914 34
6915 0
6916 110
6917 5
6918 1
6919 3
6920 2
6921 4
6922 0
6923 25
6924 0
6925 4
6926 1
6927 0
6928 7
6929 0
6930 0
6931 0
6932 4
6933 3
6934 0
6935 6
6936 7
6937 0
6938 3
6939 1
6940 0
6941 0
6942 28
6943 11
6944 19
6945 0
6946 3
6947 0
6948 1
6949 2
6950 26
6951 3
6952 37
6953 2
6954 1
6955 0
6956 12
6957 0
6958 3
6959 0
6960 1
6961 1
6962 3
6963 1
6964 1
6965 0
6966 0
6967 1
6968 0
6969 7
6970 0
6971 0
6972 4
6973 8
6974 0
6975 3
6976 2
6977 9
6978 0
6979 0
6980 1
6981 1
6982 3
6983 4
6984 5
6985 1
6986 5
6987 0
6988 34
6989 0
6990 1
6991 0
6992 4
6993 0
6994 0
6995 9
6996 1
6997 0
6998 0
6999 0
7000 5
7001 3
7002 1
7003 0
7004 0
7005 12
7006 0
7007 3
7008 2
7009 0
7010 0
7011 0
7012 0
7013 4
7014 0
7015 3
7016 0
7017 3
7018 1
7019 27
7020 58
7021 0
7022 4
7023 1
7024 28
7025 1
7026 0
7027 2
7028 1
7029 3
7030 1
7031 2
7032 0
7033 0
7034 23
7035 65
7036 0
7037 121
7038 10
7039 2
7040 1
7041 22
7042 0
7043 2
7044 0
7045 0
7046 3
7047 1
7048 0
7049 6
7050 6
7051 0
7052 2
7053 15
7054 0
7055 1
7056 1
7057 2
7058 9
7059 2
7060 0
7061 3
7062 10
7063 0
7064 8
7065 8
7066 2
7067 0
7068 0
7069 1
7070 1
7071 2
7072 1
7073 1
7074 0
7075 11
7076 4
7077 0
7078 7
7079 0
7080 8
7081 4
7082 0
7083 3
7084 2
7085 0
7086 14
7087 0
7088 0
7089 7
7090 7
7091 11
7092 13
7093 0
7094 0
7095 0
7096 0
7097 0
7098 0
7099 4
7100 4
7101 0
7102 0
7103 11
7104 5
7105 32
7106 3
7107 1
7108 7
7109 1
7110 0
7111 0
7112 7
7113 2
7114 4
7115 1
7116 2
7117 0
7118 0
7119 9
7120 0
7121 0
7122 14
7123 0
7124 0
7125 46
7126 0
7127 0
7128 0
7129 4
7130 313
7131 0
7132 9
7133 0
7134 0
7135 0
7136 207
7137 0
7138 7
7139 1
7140 2
7141 6
7142 16
7143 4
7144 7
7145 0
7146 3
7147 10
7148 8
7149 2
7150 0
7151 0
7152 2
7153 0
7154 23
7155 4
7156 0
7157 6
7158 1
7159 2
7160 0
7161 1
7162 1
7163 2
7164 3
7165 14
7166 0
7167 4
7168 0
7169 179
7170 0
7171 0
7172 19
7173 0
7174 0
7175 0
7176 43
7177 5
7178 3
7179 6
7180 9
7181 0
7182 5
7183 0
7184 0
7185 0
7186 0
7187 3
7188 1
7189 4
7190 2
7191 28
7192 73
7193 2
7194 6
7195 0
7196 0
7197 5
7198 0
7199 1
7200 0
7201 0
7202 1
7203 0
7204 3
7205 2
7206 3
7207 3
7208 5
7209 1
7210 1
7211 42
7212 4
7213 1
7214 140
7215 1
7216 31
7217 2
7218 1
7219 43
7220 1
7221 0
7222 2
7223 14
7224 1
7225 0
7226 0
7227 5
7228 10
7229 1
7230 1
7231 1
7232 9
7233 0
7234 3
7235 1
7236 3
7237 0
7238 6
7239 8
7240 0
7241 4
7242 3
7243 2
7244 1
7245 0
7246 2
7247 20
7248 0
7249 0
7250 0
7251 0
7252 0
7253 13
7254 56
7255 4
7256 1
7257 5
7258 0
7259 1
7260 0
7261 0
7262 5
7263 3
7264 5
7265 0
7266 0
7267 0
7268 0
7269 1
7270 0
7271 2
7272 0
7273 0
7274 8
7275 9
7276 0
7277 0
7278 0
7279 24
7280 0
7281 0
7282 0
7283 3
7284 105
7285 44
7286 7
7287 0
7288 5
7289 4
7290 1
7291 1
7292 0
7293 0
7294 1
7295 6
7296 16
7297 8
7298 3
7299 9
7300 8
7301 0
7302 16
7303 3
7304 0
7305 1
7306 19
7307 2
7308 14
7309 2
7310 3
7311 0
7312 0
7313 8
7314 1
7315 1
7316 2
7317 2
7318 1
7319 0
7320 2
7321 2
7322 9
7323 0
7324 4
7325 4
7326 0
7327 0
7328 0
7329 1
7330 1
7331 1
7332 4
7333 4
7334 9
7335 0
7336 2
7337 20
7338 1
7339 1
7340 6
7341 6
7342 0
7343 0
7344 15
7345 3
7346 3
7347 17
7348 59
7349 14
7350 4
7351 0
7352 7
7353 2
7354 18
7355 2
7356 0
7357 15
7358 1
7359 2
7360 0
7361 2
7362 5
7363 37
7364 0
7365 7
7366 9
7367 0
7368 4
7369 7
7370 1
7371 3
7372 3
7373 3
7374 3
7375 1
7376 0
7377 3
7378 23
7379 2
7380 1
7381 0
7382 0
7383 63
7384 1
7385 11
7386 0
7387 1
7388 0
7389 0
7390 10
7391 0
7392 1
7393 2
7394 0
7395 3
7396 449
7397 35
7398 17
7399 0
7400 1
7401 0
7402 1
7403 39
7404 1
7405 3
7406 11
7407 2
7408 0
7409 53
7410 0
7411 0
7412 16
7413 24
7414 0
7415 0
7416 1
7417 5
7418 11
7419 5
7420 39
7421 3
7422 0
7423 0
7424 1
7425 1
7426 0
7427 171
7428 2
7429 2
7430 0
7431 3
7432 0
7433 16
7434 0
7435 3
7436 22
7437 0
7438 11
7439 223
7440 0
7441 16
7442 1
7443 0
7444 0
7445 1
7446 0
7447 1
7448 1
7449 3
7450 5
7451 1
7452 0
7453 2
7454 0
7455 3
7456 0
7457 11
7458 0
7459 0
7460 2
7461 4
7462 2
7463 1
7464 0
7465 3
7466 6
7467 0
7468 6
7469 2
7470 0
7471 0
7472 316
7473 6
7474 1
7475 0
7476 25
7477 1
7478 12
7479 1
7480 1
7481 1766
7482 1
7483 6
7484 3
7485 4
7486 1
7487 187
7488 0
7489 0
7490 11
7491 2
7492 0
7493 7
7494 0
7495 1
7496 4
7497 4
7498 2
7499 0
7500 0
7501 25
7502 0
7503 0
7504 20
7505 7
7506 1
7507 0
7508 1
7509 1
7510 3
7511 0
7512 1
7513 7
7514 1
7515 0
7516 1
7517 0
7518 9
7519 0
7520 1
7521 0
7522 1
7523 6
7524 0
7525 264
7526 12
7527 16
7528 1
7529 2
7530 10
7531 0
7532 0
7533 9
7534 1
7535 13
7536 3
7537 6
7538 14
7539 2
7540 10
7541 1
7542 3
7543 3
7544 9
7545 1
7546 1
7547 0
7548 1
7549 5
7550 11
7551 3
7552 0
7553 0
7554 5
7555 15
7556 20
7557 0
7558 0
7559 8
7560 2
7561 0
7562 3
7563 7
7564 0
7565 1
7566 0
7567 0
7568 0
7569 7
7570 3
7571 75
7572 41
7573 0
7574 0
7575 0
7576 5
7577 12
7578 16
7579 0
7580 11
7581 0
7582 4
7583 4
7584 2
7585 55
7586 1
7587 140
7588 26
7589 0
7590 3
7591 1
7592 2
7593 0
7594 2
7595 3
7596 20
7597 2
7598 83
7599 0
7600 65
7601 0
7602 1
7603 1
7604 7
7605 0
7606 387
7607 0
7608 1
7609 1
7610 5
7611 3
7612 193
7613 1
7614 21
7615 0
7616 4
7617 2
7618 6
7619 0
7620 0
7621 6
7622 0
7623 1
7624 4
7625 0
7626 7
7627 1
7628 0
7629 3
7630 0
7631 0
7632 3
7633 5
7634 2
7635 0
7636 1
7637 0
7638 6
7639 0
7640 13
7641 2
7642 1
7643 1
7644 8
7645 0
7646 18
7647 143
7648 2
7649 6
7650 15
7651 0
7652 0
7653 1
7654 0
7655 2
7656 3
7657 1
7658 3
7659 3
7660 2
7661 0
7662 0
7663 44
7664 2
7665 0
7666 0
7667 3
7668 38
7669 0
7670 1
7671 2
7672 3
7673 0
7674 50
7675 0
7676 25
7677 0
7678 0
7679 1
7680 1
7681 3
7682 10
7683 2
7684 4
7685 4
7686 2
7687 0
7688 218
7689 2
7690 1
7691 1
7692 1
7693 0
7694 356
7695 5
7696 1
7697 0
7698 0
7699 3
7700 8
7701 0
7702 0
7703 9
7704 34
7705 0
7706 2
7707 0
7708 3
7709 0
7710 1
7711 2
7712 0
7713 1
7714 5
7715 0
7716 0
7717 16
7718 0
7719 1
7720 3
7721 0
7722 8
7723 6
7724 8
7725 2
7726 5
7727 1
7728 2
7729 2
7730 3
7731 0
7732 0
7733 35
7734 5
7735 1
7736 7
7737 13
7738 5
7739 12
7740 44
7741 3
7742 0
7743 1
7744 4
7745 6
7746 4
7747 0
7748 0
7749 1
7750 0
7751 6
7752 8
7753 1
7754 18
7755 0
7756 6
7757 0
7758 2
7759 222
7760 6
7761 0
7762 1
7763 1
7764 1
7765 8
7766 4
7767 102
7768 7
7769 20
7770 2
7771 0
7772 0
7773 3
7774 0
7775 0
7776 0
7777 0
7778 0
7779 8
7780 51
7781 2
7782 5
7783 3
7784 0
7785 0
7786 0
7787 1
7788 0
7789 0
7790 2
7791 6
7792 1
7793 2
7794 0
7795 0
7796 3
7797 10
7798 0
7799 0
7800 6
7801 0
7802 2
7803 0
7804 4
7805 0
7806 21
7807 5
7808 0
7809 1
7810 0
7811 2
7812 17
7813 0
7814 5
7815 7
7816 6
7817 0
7818 0
7819 16
7820 1
7821 5
7822 2
7823 1
7824 1
7825 0
7826 17
7827 2
7828 10
7829 6
7830 1
7831 3
7832 1
7833 1
7834 1
7835 1
7836 0
7837 7
7838 0
7839 0
7840 0
7841 1
7842 0
7843 1
7844 6
7845 7
7846 2
7847 0
7848 7
7849 0
7850 2
7851 4
7852 0
7853 3
7854 5
7855 5
7856 33
7857 0
7858 67
7859 1
7860 1
7861 0
7862 1
7863 3
7864 18
7865 1
7866 300
7867 0
7868 1
7869 4
7870 2
7871 7
7872 0
7873 0
7874 8
7875 7
7876 10
7877 146
7878 11
7879 5
7880 1
7881 1
7882 13
7883 3
7884 4
7885 0
7886 0
7887 2
7888 3
7889 0
7890 0
7891 5
7892 2
7893 0
7894 11
7895 1
7896 2
7897 1
7898 2
7899 2
7900 0
7901 1
7902 2
7903 0
7904 0
7905 4
7906 0
7907 43
7908 42
7909 1
7910 15
7911 1
7912 0
7913 1
7914 0
7915 32
7916 30
7917 5
7918 3
7919 0
7920 0
7921 495
7922 0
7923 0
7924 3
7925 17
7926 21
7927 1
7928 0
7929 0
7930 0
7931 2
7932 0
7933 0
7934 5
7935 4
7936 1
7937 4
7938 3
7939 2
7940 2
7941 48
7942 0
7943 1
7944 3
7945 0
7946 12
7947 4
7948 0
7949 1
7950 2
7951 1
7952 0
7953 1
7954 0
7955 0
7956 0
7957 11
7958 0
7959 143
7960 0
7961 1
7962 0
7963 9
7964 2
7965 1
7966 1
7967 0
7968 0
7969 6
7970 2
7971 4
7972 4
7973 5
7974 3
7975 22
7976 5
7977 41
7978 0
7979 0
7980 0
7981 3
7982 1
7983 2
7984 0
7985 1
7986 0
7987 6
7988 3
7989 1
7990 90
7991 0
7992 0
7993 5
7994 0
7995 5
7996 11
7997 4
7998 1
7999 16
8000 0
8001 1
8002 7
8003 1
8004 0
8005 19
8006 1
8007 4
8008 0
8009 3
8010 0
8011 3
8012 0
8013 0
8014 0
8015 0
8016 0
8017 0
8018 11
8019 0
8020 2
8021 0
8022 64
8023 0
8024 2
8025 10
8026 0
8027 0
8028 0
8029 0
8030 9
8031 0
8032 3
8033 0
8034 12
8035 0
8036 1
8037 0
8038 0
8039 1
8040 0
8041 0
8042 2
8043 0
8044 2
8045 0
8046 0
8047 0
8048 22
8049 1
8050 0
8051 0
8052 0
8053 1
8054 3
8055 0
8056 0
8057 8
8058 0
8059 2
8060 0
8061 1
8062 0
8063 7
8064 0
8065 0
8066 0
8067 0
8068 1
8069 0
8070 3
8071 0
8072 0
8073 8
8074 0
8075 5
8076 0
8077 0
8078 1
8079 0
8080 14
8081 0
8082 4
8083 0
8084 10
8085 1
8086 1
8087 0
8088 8
8089 2
8090 1
8091 0
8092 3
8093 0
8094 0
8095 0
8096 0
8097 10
8098 5
8099 2
8100 0
8101 1
8102 2
8103 9
8104 4
8105 0
8106 23
8107 5
8108 1
8109 0
8110 0
8111 8
8112 0
8113 0
8114 6
8115 3
8116 3
8117 0
8118 0
8119 0
8120 11
8121 0
8122 0
8123 0
8124 3
8125 0
8126 8
8127 3
8128 0
8129 1
8130 1
8131 8
8132 0
8133 1
8134 3
8135 8
8136 0
8137 0
8138 4
8139 7
8140 1
8141 23
8142 1
8143 26
8144 1
8145 1
8146 3
8147 2
8148 9
8149 1
8150 1
8151 6
8152 0
8153 1
8154 0
8155 0
8156 1
8157 0
8158 0
8159 2
8160 0
8161 2
8162 0
8163 0
8164 21
8165 2
8166 3
8167 127
8168 2
8169 39
8170 14
8171 1
8172 0
8173 0
8174 0
8175 3
8176 0
8177 13
8178 3
8179 2
8180 0
8181 1
8182 9
8183 3
8184 6
8185 0
8186 0
8187 21
8188 6
8189 1
8190 0
8191 0
8192 1
8193 0
8194 1
8195 20
8196 246
8197 3
8198 4
8199 0
8200 5
8201 1
8202 2
8203 1
8204 0
8205 164
8206 0
8207 1
8208 21
8209 0
8210 0
8211 0
8212 3
8213 3
8214 8
8215 7
8216 1
8217 1
8218 11
8219 4
8220 0
8221 1
8222 0
8223 3
8224 0
8225 4
8226 1
8227 0
8228 0
8229 4
8230 1
8231 26
8232 0
8233 2
8234 1
8235 2
8236 0
8237 0
8238 6
8239 9
8240 0
8241 2
8242 0
8243 4
8244 0
8245 21
8246 2
8247 3
8248 2
8249 3
8250 0
8251 0
8252 5
8253 0
8254 0
8255 9
8256 137
8257 0
8258 30
8259 0
8260 11
8261 62
8262 3
8263 18
8264 6
8265 1
8266 63
8267 1
8268 2
8269 3
8270 30
8271 0
8272 8
8273 0
8274 0
8275 17
8276 5
8277 1
8278 0
8279 14
8280 8
8281 1
8282 0
8283 9
8284 15
8285 59
8286 50
8287 0
8288 5
8289 0
8290 0
8291 3
8292 22
8293 9
8294 0
8295 2
8296 4
8297 16
8298 0
8299 1
8300 0
8301 0
8302 0
8303 1
8304 0
8305 1
8306 0
8307 0
8308 0
8309 6
8310 5
8311 4
8312 141
8313 136
8314 365
8315 2
8316 0
8317 2
8318 1
8319 0
8320 4
8321 0
8322 12
8323 4
8324 0
8325 2
8326 9
8327 1
8328 2
8329 4
8330 2
8331 18
8332 13
8333 12
8334 2
8335 2
8336 0
8337 1
8338 0
8339 0
8340 3
8341 2
8342 0
8343 3
8344 0
8345 2
8346 0
8347 4
8348 0
8349 1
8350 195
8351 11
8352 1
8353 7
8354 7
8355 4
8356 4
8357 0
8358 0
8359 26
8360 27
8361 1
8362 16
8363 0
8364 3
8365 5
8366 15
8367 135
8368 0
8369 34
8370 10
8371 11
8372 0
8373 8
8374 0
8375 5
8376 0
8377 2
8378 1
8379 1
8380 19
8381 4
8382 1
8383 54
8384 23
8385 2
8386 0
8387 121
8388 0
8389 0
8390 15
8391 15
8392 1
8393 1
8394 0
8395 4
8396 2
8397 0
8398 1
8399 0
8400 0
8401 3
8402 0
8403 5
8404 1
8405 3
8406 0
8407 1
8408 1
8409 1
8410 5
8411 2
8412 0
8413 4
8414 2
8415 59
8416 2
8417 3
8418 165
8419 0
8420 7
8421 2
8422 0
8423 8
8424 0
8425 5
8426 0
8427 1
8428 0
8429 1
8430 0
8431 5
8432 181
8433 0
8434 0
8435 1
8436 0
8437 0
8438 4
8439 7
8440 6
8441 4
8442 18
8443 1
8444 16
8445 0
8446 71
8447 2
8448 7
8449 3
8450 8
8451 10
8452 0
8453 1
8454 0
8455 4
8456 4
8457 6
8458 0
8459 0
8460 1
8461 1
8462 0
8463 0
8464 2
8465 1
8466 1
8467 1
8468 1
8469 7
8470 0
8471 1
8472 1
8473 5
8474 19
8475 1
8476 21
8477 4
8478 5
8479 0
8480 25
8481 5
8482 0
8483 2
8484 2
8485 0
8486 0
8487 0
8488 0
8489 4
8490 0
8491 2
8492 212
8493 0
8494 0
8495 1
8496 0
8497 18
8498 5
8499 3
8500 1
8501 1
8502 1
8503 3
8504 2
8505 0
8506 11
8507 0
8508 99
8509 7
8510 0
8511 0
8512 3
8513 19
8514 7
8515 53
8516 3
8517 0
8518 68
8519 4
8520 2
8521 0
8522 4
8523 1
8524 2
8525 5
8526 0
8527 2
8528 0
8529 1
8530 2
8531 3
8532 7
8533 3
8534 1
8535 5
8536 4
8537 4
8538 1
8539 8
8540 0
8541 0
8542 18
8543 0
8544 1
8545 1
8546 0
8547 0
8548 1
8549 2
8550 1
8551 0
8552 0
8553 3
8554 1
8555 2
8556 11
8557 2
8558 2
8559 1
8560 2
8561 2
8562 4
8563 0
8564 4
8565 0
8566 0
8567 6
8568 0
8569 79
8570 3
8571 0
8572 2
8573 0
8574 0
8575 26
8576 0
8577 1
8578 0
8579 2
8580 2
8581 1
8582 1
8583 4
8584 1
8585 2
8586 0
8587 0
8588 1
8589 1
8590 2
8591 0
8592 11
8593 5
8594 2
8595 2
8596 5
8597 0
8598 1
8599 1
8600 1
8601 0
8602 30
8603 4
8604 0
8605 3
8606 2
8607 7
8608 6
8609 8
8610 1
8611 0
8612 7
8613 0
8614 2
8615 0
8616 1
8617 0
8618 0
8619 0
8620 4
8621 1
8622 4
8623 69
8624 0
8625 2
8626 5
8627 1
8628 9
8629 0
8630 14
8631 2
8632 0
8633 1
8634 3
8635 0
8636 0
8637 4
8638 0
8639 1
8640 4
8641 0
8642 1
8643 2
8644 0
8645 0
8646 1
8647 0
8648 0
8649 63
8650 5
8651 22
8652 0
8653 1
8654 2
8655 74
8656 0
8657 12
8658 0
8659 0
8660 0
8661 2
8662 2
8663 0
8664 22
8665 7
8666 2
8667 13
8668 0
8669 16
8670 23
8671 2
8672 0
8673 18
8674 2
8675 0
8676 59
8677 6
8678 2
8679 2
8680 0
8681 0
8682 17
8683 5
8684 1
8685 167
8686 1
8687 8
8688 0
8689 1
8690 1
8691 14
8692 13
8693 0
8694 3
8695 1
8696 7
8697 31
8698 0
8699 3
8700 22
8701 21
8702 15
8703 55
8704 9
8705 2
8706 1
8707 10
8708 0
8709 2
8710 12
8711 1
8712 4
8713 0
8714 1
8715 0
8716 0
8717 1
8718 1
8719 13
8720 0
8721 1
8722 7
8723 0
8724 0
8725 11
8726 0
8727 1
8728 2
8729 0
8730 2
8731 0
8732 32
8733 2
8734 0
8735 0
8736 0
8737 2
8738 0
8739 3
8740 4
8741 0
8742 0
8743 26
8744 5
8745 0
8746 17
8747 6
8748 7
8749 2
8750 0
8751 0
8752 0
8753 0
8754 0
8755 0
8756 0
8757 33
8758 2
8759 2
8760 0
8761 1
8762 6
8763 0
8764 0
8765 0
8766 1
8767 3
8768 1
8769 1
8770 11
8771 0
8772 14
8773 58
8774 4
8775 96
8776 16
8777 0
8778 3
8779 1
8780 1
8781 0
8782 16
8783 9
8784 0
8785 41
8786 36
8787 0
8788 3
8789 0
8790 1
8791 3
8792 104
8793 12
8794 32
8795 21
8796 2
8797 8
8798 0
8799 2
8800 5
8801 2
8802 43
8803 0
8804 8
8805 0
8806 0
8807 44
8808 5
8809 1
8810 0
8811 0
8812 1
8813 2
8814 18
8815 0
8816 0
8817 373
8818 5
8819 0
8820 7
8821 2
8822 40
8823 1847
8824 0
8825 11
8826 3
8827 2
8828 16
8829 5
8830 0
8831 2
8832 1
8833 8
8834 2
8835 2
8836 47
8837 0
8838 1
8839 0
8840 1
8841 0
8842 21
8843 3
8844 0
8845 10
8846 2
8847 1
8848 0
8849 5
8850 0
8851 5
8852 6
8853 0
8854 2
8855 0
8856 4
8857 0
8858 0
8859 4
8860 2
8861 1
8862 0
8863 1
8864 26
8865 0
8866 1
8867 3
8868 5
8869 1
8870 0
8871 0
8872 0
8873 2
8874 2
8875 0
8876 1
8877 0
8878 15
8879 39
8880 25
8881 0
8882 11
8883 1
8884 0
8885 0
8886 16
8887 0
8888 1
8889 48
8890 5
8891 29
8892 1
8893 14
8894 6
8895 6
8896 5
8897 3
8898 0
8899 40
8900 1
8901 2
8902 1
8903 12
8904 20
8905 0
8906 2
8907 0
8908 2
8909 0
8910 34
8911 0
8912 2
8913 3
8914 2
8915 1
8916 0
8917 1
8918 3
8919 3
8920 4
8921 0
8922 0
8923 7
8924 1
8925 3
8926 2
8927 0
8928 15
8929 0
8930 1
8931 6
8932 8
8933 0
8934 0
8935 1
8936 15
8937 0
8938 0
8939 2
8940 547
8941 202
8942 1
8943 4
8944 1
8945 14
8946 0
8947 4
8948 0
8949 12
8950 0
8951 9
8952 464
8953 4
8954 0
8955 0
8956 0
8957 23
8958 1
8959 3
8960 218
8961 0
8962 0
8963 1
8964 1
8965 5
8966 0
8967 2
8968 1
8969 0
8970 0
8971 10
8972 0
8973 34
8974 12
8975 0
8976 6
8977 0
8978 8
8979 9
8980 28
8981 4
8982 23
8983 0
8984 5
8985 6
8986 2
8987 4
8988 19
8989 19
8990 44
8991 6
8992 0
8993 2
8994 4
8995 1
8996 24
8997 0
8998 10
8999 7
9000 1
9001 0
9002 2
9003 18
9004 1
9005 1
9006 0
9007 0
9008 0
9009 0
9010 7
9011 2
9012 0
9013 7
9014 2
9015 26
9016 3
9017 35
9018 0
9019 0
9020 23
9021 161
9022 4
9023 0
9024 2
9025 77
9026 0
9027 1
9028 0
9029 1
9030 2
9031 27
9032 41
9033 2
9034 0
9035 22
9036 4
9037 0
9038 38
9039 1
9040 0
9041 2
9042 3
9043 2
9044 0
9045 1
9046 6
9047 4
9048 3
9049 0
9050 0
9051 0
9052 0
9053 0
9054 22
9055 3
9056 0
9057 1
9058 1
9059 1
9060 0
9061 1
9062 0
9063 1
9064 5
9065 12
9066 4
9067 0
9068 4
9069 0
9070 535
9071 40
9072 5
9073 4
9074 0
9075 4
9076 0
9077 1
9078 1
9079 33
9080 3
9081 2
9082 2
9083 2
9084 0
9085 1
9086 17
9087 248
9088 82
9089 1
9090 0
9091 0
9092 3
9093 4
9094 46
9095 1
9096 10
9097 1
9098 3
9099 2
9100 2
9101 1
9102 2
9103 59
9104 6
9105 4
9106 0
9107 0
9108 27
9109 3
9110 3
9111 1
9112 0
9113 0
9114 0
9115 14
9116 0
9117 4
9118 5
9119 5
9120 0
9121 3
9122 0
9123 1
9124 2
9125 0
9126 17
9127 7
9128 0
9129 0
9130 0
9131 0
9132 2
9133 0
9134 5
9135 1
9136 0
9137 0
9138 8
9139 12
9140 5
9141 0
9142 0
9143 1
9144 0
9145 2
9146 0
9147 53
9148 5
9149 44
9150 1
9151 7
9152 0
9153 2
9154 6
9155 7
9156 10
9157 2
9158 3
9159 2
9160 1
9161 1
9162 0
9163 0
9164 6
9165 3
9166 3
9167 0
9168 9
9169 0
9170 0
9171 0
9172 0
9173 2
9174 4
9175 0
9176 0
9177 1
9178 6
9179 5
9180 0
9181 1
9182 21
9183 4
9184 1
9185 0
9186 35
9187 24
9188 3
9189 1
9190 0
9191 0
9192 0
9193 0
9194 6
9195 0
9196 0
9197 30
9198 0
9199 44
9200 1
9201 0
9202 0
9203 1
9204 0
9205 23
9206 1
9207 24
9208 0
9209 1
9210 1
9211 1
9212 0
9213 0
9214 17
9215 0
9216 0
9217 0
9218 0
9219 2
9220 9
9221 26
9222 0
9223 8
9224 3
9225 1
9226 0
9227 24
9228 203
9229 3
9230 2
9231 0
9232 0
9233 3
9234 0
9235 15
9236 2
9237 2
9238 3
9239 0
9240 1
9241 1
9242 0
9243 1
9244 1
9245 8
9246 6
9247 27
9248 87
9249 6
9250 4
9251 14
9252 5
9253 30
9254 0
9255 0
9256 0
9257 0
9258 8
9259 0
9260 11
9261 3
9262 0
9263 1
9264 6
9265 28
9266 1
9267 829
9268 59
9269 2
9270 202
9271 0
9272 0
9273 1
9274 10
9275 2
9276 28
9277 2
9278 0
9279 3
9280 1
9281 1
9282 212
9283 0
9284 0
9285 0
9286 0
9287 2
9288 82
9289 0
9290 6
9291 2
9292 25
9293 31
9294 7
9295 5
9296 0
9297 98
9298 3
9299 3
9300 0
9301 0
9302 2
9303 2
9304 2
9305 5
9306 3
9307 13
9308 4
9309 0
9310 5
9311 0
9312 11
9313 2
9314 0
9315 1
9316 0
9317 3
9318 2
9319 5
9320 32
9321 8
9322 1
9323 0
9324 6
9325 2
9326 137
9327 1
9328 0
9329 6
9330 0
9331 0
9332 0
9333 17
9334 3
9335 5
9336 3
9337 4
9338 0
9339 7
9340 4
9341 17
9342 4
9343 2
9344 18
9345 31
9346 13
9347 0
9348 2
9349 63
9350 5
9351 3
9352 0
9353 6
9354 1
9355 0
9356 0
9357 3
9358 0
9359 3
9360 1
9361 5
9362 15
9363 26
9364 8
9365 0
9366 1
9367 22
9368 1
9369 1
9370 0
9371 0
9372 2
9373 4
9374 4
9375 0
9376 0
9377 1
9378 0
9379 0
9380 3
9381 1
9382 1
9383 26
9384 13
9385 1
9386 10
9387 0
9388 1
9389 0
9390 1
9391 0
9392 6
9393 0
9394 0
9395 0
9396 0
9397 22
9398 14
9399 0
9400 0
9401 2
9402 0
9403 0
9404 23
9405 2
9406 3
9407 3
9408 0
9409 4
9410 21
9411 7
9412 0
9413 2
9414 0
9415 0
9416 0
9417 16
9418 0
9419 0
9420 2
9421 0
9422 30
9423 22
9424 12
9425 1
9426 4
9427 1
9428 31
9429 1
9430 48
9431 2
9432 0
9433 0
9434 2
9435 4
9436 2
9437 81
9438 0
9439 2
9440 0
9441 2
9442 16
9443 0
9444 5
9445 0
9446 3
9447 0
9448 5
9449 7
9450 4
9451 19
9452 2
9453 1
9454 2
9455 152
9456 23
9457 3
9458 12
9459 0
9460 137
9461 0
9462 73
9463 0
9464 8
9465 12
9466 17
9467 16
9468 4
9469 45
9470 2
9471 0
9472 4
9473 2
9474 3
9475 0
9476 1
9477 1
9478 2
9479 0
9480 5
9481 3
9482 30
9483 0
9484 4
9485 0
9486 91
9487 2
9488 3
9489 0
9490 277
9491 2
9492 0
9493 8
9494 0
9495 0
9496 0
9497 0
9498 1
9499 9
9500 20
9501 1
9502 0
9503 2
9504 11
9505 1
9506 1
9507 1
9508 0
9509 7
9510 0
9511 0
9512 1
9513 0
9514 1
9515 1
9516 6
9517 6
9518 1
9519 1
9520 4
9521 0
9522 0
9523 34
9524 0
9525 2
9526 0
9527 28
9528 97
9529 10
9530 1
9531 0
9532 0
9533 0
9534 2
9535 0
9536 0
9537 2
9538 9
9539 0
9540 0
9541 0
9542 8
9543 0
9544 17
9545 120
9546 1
9547 2
9548 0
9549 0
9550 12
9551 1
9552 29
9553 1
9554 1
9555 1
9556 1
9557 0
9558 0
9559 0
9560 0
9561 23
9562 8
9563 0
9564 8
9565 1
9566 1
9567 3
9568 5
9569 0
9570 236
9571 12
9572 0
9573 21
9574 1
9575 0
9576 3
9577 4
9578 3
9579 5
9580 0
9581 2
9582 5
9583 3
9584 0
9585 0
9586 2
9587 0
9588 3
9589 5
9590 0
9591 2
9592 0
9593 1
9594 1
9595 0
9596 1
9597 30
9598 2
9599 8
9600 0
9601 4
9602 1
9603 1
9604 13
9605 10
9606 2
9607 2
9608 1
9609 17
9610 3
9611 1
9612 5
9613 9
9614 1
9615 1
9616 1
9617 1
9618 3
9619 0
9620 12
9621 0
9622 1
9623 0
9624 4
9625 11
9626 0
9627 0
9628 0
9629 9
9630 9
9631 12
9632 1
9633 2
9634 3
9635 6
9636 1
9637 11
9638 0
9639 0
9640 1
9641 1
9642 2
9643 1
9644 44
9645 3
9646 6
9647 12
9648 0
9649 2
9650 1
9651 101
9652 25
9653 1
9654 26
9655 3
9656 3
9657 1
9658 0
9659 1
9660 8
9661 18
9662 10
9663 4
9664 0
9665 10
9666 1
9667 0
9668 0
9669 0
9670 10
9671 25
9672 6
9673 0
9674 1
9675 4
9676 7
9677 1
9678 8
9679 0
9680 0
9681 0
9682 0
9683 0
9684 8
9685 12
9686 2
9687 0
9688 0
9689 5
9690 8
9691 2
9692 6
9693 5
9694 0
9695 3
9696 0
9697 3
9698 7
9699 2
9700 38
9701 0
9702 9
9703 32
9704 0
9705 0
9706 3
9707 1
9708 12
9709 0
9710 0
9711 0
9712 0
9713 0
9714 15
9715 0
9716 0
9717 1
9718 0
9719 4
9720 6
9721 0
9722 7
9723 1
9724 1
9725 0
9726 0
9727 2
9728 0
9729 0
9730 1
9731 0
9732 4
9733 1
9734 1318
9735 0
9736 1
9737 8
9738 45
9739 1
9740 0
9741 1
9742 1
9743 1
9744 0
9745 5
9746 5
9747 3
9748 0
9749 0
9750 0
9751 0
9752 0
9753 1
9754 2
9755 10
9756 11
9757 2
9758 5
9759 4
9760 5
9761 0
9762 1
9763 0
9764 3
9765 22
9766 0
9767 4
9768 0
9769 0
9770 2
9771 4
9772 2
9773 0
9774 79
9775 22
9776 196
9777 0
9778 2
9779 2
9780 2
9781 2
9782 14
9783 2
9784 5
9785 4
9786 1
9787 0
9788 0
9789 0
9790 4
9791 6
9792 1
9793 0
9794 58
9795 0
9796 2
9797 3
9798 0
9799 1
9800 0
9801 6
9802 1
9803 2
9804 2
9805 0
9806 36
9807 0
9808 3
9809 0
9810 1
9811 0
9812 0
9813 2
9814 11
9815 0
9816 9
9817 1
9818 0
9819 2
9820 441
9821 0
9822 0
9823 2
9824 18
9825 12
9826 15
9827 2
9828 6
9829 7
9830 50
9831 1
9832 5
9833 26
9834 3
9835 1
9836 0
9837 1
9838 7
9839 1246
9840 4
9841 1
9842 4
9843 0
9844 6
9845 6
9846 0
9847 2
9848 0
9849 1
9850 2
9851 0
9852 92
9853 0
9854 4
9855 0
9856 4
9857 9
9858 1
9859 4
9860 1
9861 2
9862 9
9863 0
9864 4
9865 0
9866 1
9867 0
9868 4
9869 1
9870 0
9871 10
9872 2
9873 1
9874 0
9875 0
9876 4
9877 0
9878 1
9879 2
9880 0
9881 40
9882 5
9883 5
9884 0
9885 1
9886 1
9887 0
9888 0
9889 83
9890 0
9891 0
9892 9
9893 7
9894 2
9895 0
9896 16
9897 1
9898 0
9899 1
9900 2
9901 8
9902 0
9903 2
9904 0
9905 1
9906 1
9907 5
9908 0
9909 3
9910 5
9911 5
9912 7
9913 1
9914 7
9915 1
9916 2
9917 4
9918 1
9919 1
9920 0
9921 0
9922 4
9923 0
9924 0
9925 1
9926 11
9927 2
9928 2
9929 2
9930 4
9931 0
9932 0
9933 0
9934 3
9935 103
9936 1
9937 0
9938 0
9939 0
9940 0
9941 0
9942 11
9943 3
9944 0
9945 1
9946 2
9947 1
9948 6
9949 0
9950 0
9951 4
9952 3
9953 1
9954 0
9955 0
9956 0
9957 2
9958 0
9959 0
9960 0
9961 10
9962 0
9963 1
9964 0
9965 1
9966 0
9967 0
9968 37
9969 9
9970 9
9971 0
9972 4
9973 0
9974 22
9975 1
9976 2
9977 0
9978 0
9979 3
9980 0
9981 11
9982 8
9983 0
9984 0
9985 0
9986 4
9987 0
9988 79
9989 0
9990 2
9991 3
9992 0
9993 20
9994 0
9995 7
9996 0
9997 2
9998 0
9999 4
