0 2
1 1
2 1
3 1
4 4
5 1
6 2
7 1
8 3
9 1
10 3
11 5
12 0
13 1
14 2
15 1
16 3
17 8
18 1
19 4
20 1
21 1
22 1
23 0
24 1
25 2
26 2
27 1
28 4
29 1
30 4
31 5
32 3
33 2
34 4
35 5
36 2
37 0
38 2
39 0
40 2
41 0
42 2
43 3
44 1
45 4
46 5
47 1
48 4
49 2
50 1
51 2
52 2
53 4
54 2
55 4
56 5
57 3
58 1
59 4
60 2
61 5
62 2
63 1
64 3
65 3
66 2
67 1
68 2
69 3
70 3
71 5
72 1
73 1
74 5
75 0
76 3
77 2
78 3
79 1
80 5
81 3
82 2
83 4
84 3
85 2
86 3
87 1
88 4
89 0
90 1
91 2
92 2
93 2
94 2
95 0
96 1
97 3
98 4
99 5
100 3
101 1
102 3
103 7
104 2
105 4
106 2
107 4
108 3
109 4
110 7
111 4
112 0
113 4
114 2
115 4
116 3
117 4
118 1
119 5
120 2
121 3
122 3
123 4
124 1
125 5
126 1
127 2
128 2
129 3
130 0
131 5
132 2
133 0
134 3
135 2
136 0
137 3
138 1
139 3
140 3
141 2
142 2
143 3
144 3
145 1
146 3
147 0
148 3
149 1
150 1
151 2
152 2
153 1
154 1
155 1
156 1
157 2
158 2
159 1
160 3
161 3
162 4
163 1
164 1
165 2
166 1
167 5
168 2
169 1
170 1
171 2
172 3
173 1
174 2
175 0
176 3
177 4
178 3
179 2
180 2
181 5
182 5
183 1
184 1
185 3
186 0
187 1
188 2
189 2
190 4
191 0
192 5
193 3
194 2
195 0
196 3
197 2
198 1
199 2
200 0
201 1
202 5
203 0
204 4
205 0
206 1
207 0
208 2
209 4
210 1
211 1
212 3
213 4
214 3
215 0
216 0
217 0
218 2
219 1
220 4
221 1
222 4
223 1
224 2
225 0
226 3
227 1
228 1
229 4
230 2
231 4
232 4
233 1
234 0
235 3
236 3
237 2
238 0
239 2
240 3
241 5
242 0
243 5
244 1
245 1
246 0
247 2
248 3
249 3
250 1
251 0
252 2
253 0
254 2
255 1
256 3
257 0
258 3
259 2
260 2
261 2
262 1
263 3
264 3
265 0
266 4
267 2
268 3
269 1
270 1
271 0
272 2
273 1
274 5
275 1
276 1
277 3
278 0
279 3
280 1
281 4
282 0
283 1
284 4
285 2
286 3
287 1
288 3
289 1
290 1
291 1
292 1
293 4
294 2
295 1
296 2
297 0
298 0
299 1
300 2
301 4
302 0
303 1
304 4
305 1
306 5
307 3
308 1
309 0
310 5
311 2
312 5
313 3
314 3
315 1
316 1
317 2
318 2
319 1
320 2
321 1
322 5
323 4
324 1
325 5
326 5
327 2
328 1
329 1
330 4
331 1
332 0
333 5
334 0
335 0
336 4
337 3
338 1
339 1
340 1
341 4
342 1
343 5
344 1
345 2
346 2
347 1
348 2
349 3
350 3
351 3
352 3
353 4
354 0
355 5
356 2
357 4
358 0
359 4
360 2
361 2
362 0
363 1
364 3
365 1
366 3
367 1
368 2
369 1
370 2
371 5
372 3
373 1
374 0
375 2
376 1
377 1
378 3
379 2
380 0
381 2
382 2
383 4
384 0
385 4
386 2
387 3
388 2
389 3
390 3
391 1
392 1
393 3
394 3
395 5
396 3
397 2
398 1
399 1
400 3
401 3
402 2
403 2
404 1
405 2
406 1
407 4
408 3
409 4
410 5
411 2
412 2
413 4
414 3
415 0
416 0
417 3
418 2
419 4
420 1
421 2
422 1
423 2
424 3
425 4
426 1
427 1
428 3
429 4
430 3
431 1
432 4
433 5
434 1
435 3
436 1
437 3
438 1
439 1
440 1
441 3
442 3
443 5
444 3
445 2
446 4
447 4
448 3
449 2
450 0
451 2
452 4
453 0
454 2
455 3
456 2
457 2
458 2
459 3
460 1
461 1
462 1
463 7
464 1
465 1
466 1
467 1
468 3
469 1
470 3
471 5
472 0
473 3
474 1
475 2
476 2
477 1
478 1
479 5
480 2
481 0
482 3
483 4
484 3
485 1
486 1
487 5
488 2
489 2
490 2
491 1
492 2
493 1
494 4
495 2
496 0
497 2
498 0
499 0
500 3
501 1
502 0
503 3
504 4
505 5
506 2
507 0
508 2
509 0
510 0
511 3
512 3
513 2
514 1
515 1
516 5
517 0
518 2
519 0
520 3
521 4
522 0
523 3
524 2
525 3
526 0
527 2
528 1
529 0
530 1
531 1
532 2
533 2
534 5
535 2
536 3
537 3
538 5
539 2
540 2
541 4
542 1
543 0
544 0
545 2
546 1
547 1
548 1
549 0
550 5
551 4
552 5
553 4
554 1
555 1
556 5
557 4
558 1
559 0
560 1
561 1
562 3
563 4
564 2
565 1
566 2
567 2
568 1
569 7
570 2
571 4
572 1
573 1
574 3
575 1
576 5
577 1
578 2
579 1
580 3
581 3
582 1
583 1
584 3
585 3
586 2
587 0
588 0
589 2
590 2
591 2
592 2
593 2
594 0
595 3
596 4
597 3
598 3
599 2
600 3
601 3
602 1
603 0
604 3
605 4
606 1
607 1
608 3
609 4
610 1
611 0
612 0
613 0
614 1
615 0
616 1
617 1
618 1
619 1
620 1
621 4
622 2
623 3
624 4
625 3
626 5
627 2
628 3
629 1
630 2
631 1
632 3
633 2
634 0
635 6
636 2
637 2
638 2
639 2
640 3
641 4
642 2
643 2
644 1
645 2
646 4
647 1
648 3
649 2
650 3
651 0
652 3
653 2
654 1
655 1
656 4
657 0
658 1
659 3
660 4
661 1
662 0
663 2
664 4
665 1
666 1
667 1
668 2
669 3
670 2
671 3
672 2
673 2
674 0
675 1
676 2
677 2
678 1
679 3
680 2
681 3
682 1
683 0
684 4
685 4
686 2
687 1
688 3
689 1
690 1
691 5
692 3
693 2
694 2
695 1
696 3
697 1
698 2
699 1
700 2
701 4
702 2
703 2
704 0
705 1
706 1
707 1
708 1
709 3
710 2
711 2
712 0
713 2
714 0
715 3
716 2
717 2
718 2
719 3
720 3
721 4
722 0
723 3
724 2
725 3
726 4
727 0
728 2
729 3
730 2
731 3
732 1
733 1
734 3
735 0
736 2
737 2
738 2
739 0
740 2
741 1
742 3
743 2
744 2
745 3
746 2
747 1
748 3
749 0
750 2
751 3
752 2
753 4
754 2
755 1
756 1
757 6
758 3
759 2
760 3
761 0
762 5
763 4
764 2
765 1
766 0
767 2
768 1
769 5
770 2
771 2
772 3
773 2
774 2
775 3
776 1
777 2
778 5
779 2
780 2
781 2
782 5
783 1
784 1
785 1
786 5
787 2
788 3
789 3
790 2
791 2
792 2
793 6
794 2
795 2
796 4
797 1
798 1
799 2
800 2
801 2
802 2
803 5
804 1
805 6
806 2
807 1
808 2
809 3
810 2
811 3
812 1
813 3
814 3
815 3
816 2
817 3
818 2
819 0
820 1
821 2
822 2
823 3
824 1
825 6
826 1
827 4
828 2
829 3
830 2
831 1
832 0
833 3
834 1
835 2
836 1
837 3
838 1
839 1
840 0
841 2
842 2
843 5
844 2
845 3
846 2
847 4
848 2
849 3
850 4
851 1
852 1
853 3
854 3
855 1
856 0
857 1
858 1
859 8
860 6
861 2
862 0
863 3
864 4
865 1
866 0
867 2
868 0
869 0
870 2
871 3
872 1
873 6
874 2
875 2
876 1
877 4
878 0
879 2
880 0
881 2
882 6
883 4
884 2
885 2
886 3
887 4
888 1
889 4
890 1
891 2
892 3
893 2
894 2
895 3
896 3
897 2
898 4
899 2
900 3
901 0
902 0
903 0
904 1
905 1
906 2
907 0
908 0
909 4
910 1
911 4
912 0
913 2
914 1
915 3
916 1
917 2
918 0
919 3
920 2
921 3
922 2
923 2
924 2
925 3
926 1
927 4
928 2
929 3
930 2
931 1
932 2
933 1
934 3
935 0
936 0
937 3
938 8
939 2
940 2
941 2
942 3
943 1
944 0
945 2
946 6
947 2
948 0
949 1
950 2
951 1
952 3
953 5
954 3
955 1
956 4
957 3
958 4
959 1
960 1
961 1
962 1
963 3
964 2
965 3
966 2
967 1
968 2
969 1
970 4
971 2
972 2
973 2
974 3
975 7
976 2
977 4
978 2
979 3
980 5
981 1
982 1
983 4
984 2
985 3
986 2
987 1
988 2
989 1
990 2
991 5
992 0
993 1
994 7
995 1
996 5
997 4
998 1
999 5
1000 4
1001 3
1002 1
1003 4
1004 0
1005 2
1006 3
1007 0
1008 1
1009 1
1010 5
1011 2
1012 3
1013 5
1014 5
1015 2
1016 3
1017 0
1018 1
1019 4
1020 2
1021 1
1022 3
1023 2
1024 4
1025 1
1026 2
1027 2
1028 1
1029 0
1030 1
1031 4
1032 0
1033 4
1034 1
1035 0
1036 1
1037 1
1038 3
1039 0
1040 2
1041 1
1042 1
1043 2
1044 1
1045 3
1046 4
1047 1
1048 6
1049 2
1050 2
1051 0
1052 4
1053 1
1054 5
1055 1
1056 2
1057 3
1058 2
1059 4
1060 2
1061 1
1062 2
1063 1
1064 7
1065 1
1066 2
1067 0
1068 1
1069 0
1070 3
1071 3
1072 2
1073 2
1074 2
1075 1
1076 1
1077 6
1078 2
1079 8
1080 2
1081 4
1082 2
1083 3
1084 7
1085 5
1086 1
1087 2
1088 4
1089 0
1090 0
1091 2
1092 2
1093 3
1094 1
1095 3
1096 0
1097 5
1098 3
1099 4
1100 2
1101 3
1102 0
1103 2
1104 2
1105 1
1106 4
1107 1
1108 3
1109 2
1110 1
1111 3
1112 1
1113 3
1114 3
1115 3
1116 6
1117 1
1118 7
1119 3
1120 4
1121 2
1122 5
1123 2
1124 2
1125 3
1126 3
1127 2
1128 3
1129 2
1130 2
1131 3
1132 1
1133 2
1134 2
1135 5
1136 3
1137 3
1138 0
1139 4
1140 0
1141 2
1142 5
1143 4
1144 4
1145 5
1146 1
1147 4
1148 6
1149 3
1150 0
1151 1
1152 2
1153 5
1154 2
1155 1
1156 0
1157 1
1158 3
1159 1
1160 5
1161 6
1162 2
1163 0
1164 3
1165 2
1166 1
1167 1
1168 0
1169 5
1170 3
1171 0
1172 1
1173 3
1174 1
1175 2
1176 4
1177 1
1178 2
1179 4
1180 0
1181 1
1182 5
1183 4
1184 0
1185 2
1186 0
1187 1
1188 2
1189 4
1190 3
1191 2
1192 3
1193 4
1194 1
1195 2
1196 4
1197 4
1198 1
1199 1
1200 1
1201 2
1202 2
1203 2
1204 2
1205 2
1206 3
1207 4
1208 2
1209 2
1210 2
1211 4
1212 1
1213 1
1214 3
1215 0
1216 1
1217 2
1218 3
1219 1
1220 2
1221 3
1222 2
1223 2
1224 1
1225 3
1226 2
1227 3
1228 4
1229 5
1230 1
1231 2
1232 2
1233 3
1234 1
1235 1
1236 1
1237 0
1238 2
1239 3
1240 1
1241 2
1242 0
1243 3
1244 1
1245 2
1246 5
1247 1
1248 2
1249 3
1250 2
1251 2
1252 5
1253 3
1254 6
1255 0
1256 3
1257 4
1258 4
1259 2
1260 4
1261 1
1262 1
1263 3
1264 4
1265 6
1266 2
1267 6
1268 2
1269 1
1270 4
1271 3
1272 5
1273 4
1274 2
1275 4
1276 2
1277 4
1278 2
1279 4
1280 4
1281 1
1282 2
1283 5
1284 1
1285 4
1286 3
1287 3
1288 0
1289 2
1290 2
1291 3
1292 0
1293 1
1294 3
1295 1
1296 5
1297 5
1298 2
1299 0
1300 2
1301 1
1302 4
1303 3
1304 1
1305 1
1306 0
1307 0
1308 2
1309 5
1310 2
1311 1
1312 1
1313 2
1314 0
1315 1
1316 2
1317 4
1318 1
1319 2
1320 4
1321 6
1322 3
1323 3
1324 0
1325 2
1326 2
1327 2
1328 5
1329 3
1330 0
1331 3
1332 1
1333 2
1334 4
1335 2
1336 4
1337 0
1338 1
1339 0
1340 1
1341 1
1342 4
1343 3
1344 4
1345 1
1346 3
1347 0
1348 2
1349 1
1350 5
1351 2
1352 1
1353 1
1354 2
1355 3
1356 2
1357 1
1358 0
1359 3
1360 1
1361 0
1362 2
1363 2
1364 3
1365 2
1366 5
1367 2
1368 1
1369 4
1370 4
1371 2
1372 1
1373 1
1374 2
1375 3
1376 2
1377 2
1378 3
1379 0
1380 3
1381 5
1382 2
1383 2
1384 4
1385 4
1386 4
1387 0
1388 1
1389 2
1390 0
1391 3
1392 2
1393 3
1394 1
1395 3
1396 0
1397 4
1398 2
1399 5
1400 3
1401 5
1402 3
1403 2
1404 1
1405 4
1406 1
1407 3
1408 0
1409 4
1410 1
1411 0
1412 0
1413 1
1414 1
1415 0
1416 5
1417 3
1418 1
1419 1
1420 2
1421 2
1422 3
1423 1
1424 0
1425 2
1426 1
1427 0
1428 1
1429 2
1430 1
1431 2
1432 3
1433 1
1434 4
1435 3
1436 2
1437 1
1438 1
1439 2
1440 4
1441 0
1442 1
1443 1
1444 4
1445 0
1446 2
1447 0
1448 3
1449 2
1450 6
1451 2
1452 3
1453 0
1454 4
1455 2
1456 1
1457 2
1458 3
1459 1
1460 4
1461 4
1462 1
1463 3
1464 1
1465 2
1466 3
1467 5
1468 5
1469 1
1470 2
1471 1
1472 1
1473 2
1474 0
1475 3
1476 3
1477 3
1478 2
1479 5
1480 4
1481 4
1482 1
1483 2
1484 1
1485 6
1486 1
1487 3
1488 3
1489 2
1490 0
1491 1
1492 2
1493 3
1494 2
1495 2
1496 3
1497 4
1498 3
1499 2
1500 2
1501 1
1502 2
1503 2
1504 0
1505 4
1506 1
1507 3
1508 5
1509 2
1510 4
1511 3
1512 1
1513 5
1514 2
1515 2
1516 2
1517 3
1518 2
1519 3
1520 1
1521 3
1522 3
1523 0
1524 1
1525 1
1526 3
1527 0
1528 1
1529 2
1530 4
1531 3
1532 0
1533 3
1534 1
1535 1
1536 3
1537 2
1538 1
1539 2
1540 0
1541 2
1542 1
1543 1
1544 1
1545 0
1546 2
1547 2
1548 2
1549 3
1550 1
1551 5
1552 4
1553 1
1554 2
1555 1
1556 1
1557 2
1558 0
1559 2
1560 1
1561 1
1562 2
1563 1
1564 2
1565 0
1566 1
1567 4
1568 3
1569 3
1570 3
1571 3
1572 3
1573 2
1574 4
1575 4
1576 2
1577 2
1578 3
1579 8
1580 1
1581 3
1582 2
1583 1
1584 0
1585 3
1586 3
1587 4
1588 2
1589 0
1590 2
1591 4
1592 3
1593 2
1594 3
1595 3
1596 2
1597 3
1598 3
1599 1
1600 2
1601 3
1602 2
1603 1
1604 3
1605 3
1606 5
1607 2
1608 2
1609 1
1610 2
1611 2
1612 3
1613 1
1614 1
1615 3
1616 2
1617 3
1618 2
1619 2
1620 1
1621 1
1622 3
1623 2
1624 5
1625 3
1626 1
1627 0
1628 1
1629 3
1630 0
1631 3
1632 2
1633 1
1634 3
1635 7
1636 0
1637 3
1638 1
1639 5
1640 0
1641 2
1642 0
1643 0
1644 1
1645 2
1646 1
1647 1
1648 0
1649 2
1650 1
1651 1
1652 2
1653 4
1654 1
1655 2
1656 1
1657 3
1658 3
1659 2
1660 2
1661 0
1662 4
1663 4
1664 1
1665 4
1666 6
1667 2
1668 1
1669 3
1670 2
1671 2
1672 4
1673 2
1674 4
1675 3
1676 2
1677 4
1678 1
1679 3
1680 1
1681 3
1682 3
1683 2
1684 3
1685 3
1686 1
1687 2
1688 2
1689 5
1690 1
1691 3
1692 0
1693 5
1694 3
1695 5
1696 2
1697 1
1698 2
1699 0
1700 0
1701 0
1702 3
1703 7
1704 3
1705 3
1706 1
1707 1
1708 3
1709 4
1710 2
1711 0
1712 1
1713 1
1714 5
1715 0
1716 1
1717 5
1718 3
1719 3
1720 4
1721 2
1722 4
1723 2
1724 0
1725 2
1726 2
1727 8
1728 0
1729 5
1730 3
1731 0
1732 1
1733 2
1734 0
1735 2
1736 3
1737 7
1738 4
1739 3
1740 1
1741 3
1742 6
1743 1
1744 2
1745 4
1746 1
1747 1
1748 2
1749 1
1750 1
1751 3
1752 1
1753 1
1754 2
1755 7
1756 1
1757 1
1758 1
1759 4
1760 0
1761 2
1762 3
1763 5
1764 4
1765 1
1766 1
1767 5
1768 6
1769 3
1770 4
1771 0
1772 3
1773 2
1774 2
1775 3
1776 0
1777 3
1778 1
1779 1
1780 4
1781 1
1782 2
1783 1
1784 4
1785 0
1786 1
1787 1
1788 1
1789 2
1790 3
1791 0
1792 4
1793 2
1794 1
1795 2
1796 3
1797 4
1798 3
1799 2
1800 3
1801 1
1802 2
1803 1
1804 2
1805 3
1806 2
1807 2
1808 1
1809 0
1810 6
1811 4
1812 4
1813 1
1814 3
1815 1
1816 1
1817 4
1818 2
1819 5
1820 2
1821 1
1822 2
1823 3
1824 2
1825 2
1826 3
1827 2
1828 2
1829 5
1830 0
1831 1
1832 1
1833 2
1834 3
1835 2
1836 3
1837 2
1838 1
1839 1
1840 2
1841 2
1842 1
1843 2
1844 5
1845 3
1846 1
1847 0
1848 2
1849 1
1850 4
1851 1
1852 3
1853 0
1854 3
1855 3
1856 0
1857 0
1858 4
1859 1
1860 3
1861 1
1862 2
1863 2
1864 2
1865 2
1866 2
1867 2
1868 5
1869 1
1870 1
1871 1
1872 2
1873 2
1874 2
1875 0
1876 0
1877 0
1878 0
1879 5
1880 2
1881 3
1882 2
1883 3
1884 4
1885 0
1886 1
1887 1
1888 5
1889 3
1890 3
1891 0
1892 2
1893 1
1894 0
1895 2
1896 3
1897 5
1898 3
1899 2
1900 4
1901 3
1902 1
1903 1
1904 5
1905 2
1906 2
1907 6
1908 2
1909 4
1910 1
1911 4
1912 1
1913 5
1914 4
1915 0
1916 2
1917 3
1918 2
1919 3
1920 4
1921 1
1922 3
1923 2
1924 1
1925 5
1926 2
1927 0
1928 2
1929 2
1930 2
1931 1
1932 2
1933 1
1934 0
1935 3
1936 2
1937 0
1938 2
1939 1
1940 0
1941 1
1942 3
1943 4
1944 3
1945 0
1946 3
1947 2
1948 2
1949 4
1950 2
1951 1
1952 1
1953 1
1954 1
1955 0
1956 3
1957 1
1958 4
1959 2
1960 2
1961 1
1962 5
1963 3
1964 1
1965 0
1966 2
1967 2
1968 1
1969 3
1970 0
1971 1
1972 2
1973 4
1974 0
1975 6
1976 3
1977 6
1978 3
1979 0
1980 4
1981 1
1982 2
1983 3
1984 3
1985 1
1986 4
1987 0
1988 5
1989 1
1990 4
1991 1
1992 2
1993 2
1994 2
1995 3
1996 2
1997 1
1998 2
1999 1
2000 3
2001 4
2002 2
2003 1
2004 1
2005 2
2006 0
2007 3
2008 1
2009 1
2010 3
2011 1
2012 0
2013 3
2014 3
2015 2
2016 2
2017 2
2018 2
2019 5
2020 4
2021 1
2022 2
2023 4
2024 3
2025 1
2026 1
2027 4
2028 1
2029 3
2030 2
2031 2
2032 1
2033 1
2034 1
2035 2
2036 1
2037 4
2038 2
2039 2
2040 2
2041 3
2042 0
2043 5
2044 2
2045 0
2046 3
2047 2
2048 1
2049 2
2050 1
2051 1
2052 3
2053 6
2054 1
2055 4
2056 2
2057 3
2058 1
2059 1
2060 3
2061 2
2062 4
2063 0
2064 3
2065 3
2066 1
2067 2
2068 0
2069 4
2070 2
2071 2
2072 2
2073 1
2074 1
2075 4
2076 3
2077 1
2078 5
2079 1
2080 1
2081 3
2082 2
2083 1
2084 3
2085 1
2086 2
2087 0
2088 0
2089 3
2090 4
2091 4
2092 4
2093 2
2094 3
2095 0
2096 2
2097 1
2098 3
2099 3
2100 5
2101 1
2102 1
2103 5
2104 2
2105 2
2106 2
2107 2
2108 4
2109 2
2110 0
2111 1
2112 2
2113 3
2114 1
2115 3
2116 5
2117 1
2118 1
2119 4
2120 1
2121 3
2122 2
2123 2
2124 1
2125 4
2126 2
2127 0
2128 1
2129 4
2130 3
2131 1
2132 2
2133 1
2134 0
2135 1
2136 6
2137 1
2138 4
2139 1
2140 1
2141 4
2142 4
2143 3
2144 2
2145 3
2146 2
2147 4
2148 3
2149 2
2150 0
2151 1
2152 3
2153 0
2154 4
2155 4
2156 0
2157 2
2158 2
2159 2
2160 0
2161 2
2162 2
2163 3
2164 4
2165 3
2166 0
2167 5
2168 1
2169 3
2170 0
2171 3
2172 1
2173 2
2174 2
2175 0
2176 3
2177 2
2178 3
2179 3
2180 2
2181 3
2182 3
2183 1
2184 1
2185 0
2186 1
2187 1
2188 2
2189 1
2190 4
2191 2
2192 6
2193 1
2194 3
2195 1
2196 1
2197 4
2198 1
2199 1
2200 2
2201 0
2202 3
2203 0
2204 2
2205 1
2206 1
2207 3
2208 3
2209 1
2210 2
2211 6
2212 2
2213 1
2214 4
2215 3
2216 2
2217 2
2218 3
2219 3
2220 3
2221 2
2222 5
2223 6
2224 2
2225 2
2226 0
2227 3
2228 5
2229 1
2230 2
2231 2
2232 3
2233 0
2234 1
2235 1
2236 4
2237 1
2238 6
2239 4
2240 1
2241 3
2242 3
2243 3
2244 1
2245 0
2246 3
2247 4
2248 1
2249 1
2250 3
2251 1
2252 1
2253 3
2254 3
2255 3
2256 2
2257 2
2258 0
2259 2
2260 2
2261 0
2262 3
2263 1
2264 2
2265 2
2266 1
2267 0
2268 2
2269 1
2270 1
2271 1
2272 1
2273 0
2274 3
2275 3
2276 0
2277 1
2278 1
2279 5
2280 2
2281 0
2282 2
2283 3
2284 5
2285 2
2286 1
2287 0
2288 3
2289 1
2290 1
2291 3
2292 2
2293 2
2294 3
2295 3
2296 3
2297 2
2298 1
2299 3
2300 3
2301 0
2302 2
2303 3
2304 1
2305 2
2306 3
2307 1
2308 4
2309 2
2310 2
2311 0
2312 1
2313 4
2314 3
2315 1
2316 5
2317 5
2318 2
2319 1
2320 4
2321 3
2322 2
2323 1
2324 5
2325 2
2326 1
2327 3
2328 3
2329 2
2330 2
2331 1
2332 2
2333 3
2334 3
2335 0
2336 3
2337 4
2338 5
2339 1
2340 5
2341 2
2342 1
2343 1
2344 4
2345 2
2346 2
2347 5
2348 5
2349 2
2350 2
2351 1
2352 3
2353 2
2354 2
2355 1
2356 4
2357 2
2358 4
2359 3
2360 1
2361 4
2362 1
2363 7
2364 1
2365 6
2366 6
2367 0
2368 4
2369 4
2370 1
2371 3
2372 2
2373 2
2374 1
2375 2
2376 1
2377 1
2378 4
2379 3
2380 2
2381 0
2382 0
2383 3
2384 2
2385 5
2386 0
2387 1
2388 0
2389 2
2390 5
2391 1
2392 1
2393 1
2394 1
2395 2
2396 2
2397 2
2398 3
2399 0
2400 1
2401 1
2402 1
2403 4
2404 2
2405 4
2406 2
2407 2
2408 1
2409 2
2410 0
2411 1
2412 3
2413 5
2414 1
2415 0
2416 2
2417 2
2418 3
2419 2
2420 3
2421 1
2422 1
2423 1
2424 4
2425 2
2426 0
2427 3
2428 2
2429 5
2430 1
2431 4
2432 2
2433 5
2434 2
2435 4
2436 5
2437 3
2438 5
2439 4
2440 0
2441 3
2442 2
2443 2
2444 1
2445 5
2446 2
2447 2
2448 2
2449 4
2450 1
2451 3
2452 1
2453 4
2454 2
2455 2
2456 1
2457 2
2458 2
2459 1
2460 2
2461 2
2462 2
2463 3
2464 2
2465 2
2466 4
2467 1
2468 5
2469 1
2470 1
2471 0
2472 1
2473 3
2474 3
2475 0
2476 4
2477 2
2478 3
2479 5
2480 2
2481 1
2482 4
2483 6
2484 3
2485 4
2486 1
2487 2
2488 2
2489 3
2490 2
2491 2
2492 0
2493 3
2494 1
2495 1
2496 3
2497 3
2498 4
2499 0
2500 0
2501 6
2502 1
2503 0
2504 4
2505 3
2506 2
2507 2
2508 3
2509 3
2510 6
2511 0
2512 2
2513 3
2514 1
2515 2
2516 1
2517 2
2518 3
2519 1
2520 3
2521 1
2522 3
2523 3
2524 3
2525 4
2526 4
2527 3
2528 2
2529 3
2530 4
2531 3
2532 2
2533 3
2534 2
2535 1
2536 3
2537 3
2538 6
2539 2
2540 6
2541 1
2542 1
2543 2
2544 2
2545 3
2546 2
2547 0
2548 2
2549 2
2550 4
2551 4
2552 1
2553 1
2554 3
2555 2
2556 4
2557 2
2558 0
2559 4
2560 5
2561 1
2562 4
2563 4
2564 1
2565 1
2566 1
2567 2
2568 0
2569 4
2570 2
2571 4
2572 4
2573 1
2574 1
2575 2
2576 1
2577 3
2578 4
2579 2
2580 2
2581 0
2582 3
2583 3
2584 2
2585 4
2586 2
2587 2
2588 7
2589 1
2590 3
2591 3
2592 2
2593 1
2594 3
2595 5
2596 5
2597 2
2598 6
2599 2
2600 4
2601 3
2602 2
2603 1
2604 3
2605 1
2606 5
2607 1
2608 1
2609 3
2610 3
2611 3
2612 2
2613 1
2614 3
2615 0
2616 1
2617 2
2618 5
2619 1
2620 2
2621 2
2622 2
2623 2
2624 3
2625 2
2626 2
2627 1
2628 3
2629 1
2630 0
2631 2
2632 3
2633 3
2634 2
2635 2
2636 1
2637 0
2638 3
2639 1
2640 3
2641 4
2642 3
2643 1
2644 3
2645 2
2646 2
2647 5
2648 2
2649 2
2650 2
2651 1
2652 2
2653 3
2654 5
2655 1
2656 1
2657 1
2658 2
2659 4
2660 2
2661 0
2662 2
2663 2
2664 5
2665 1
2666 2
2667 3
2668 4
2669 1
2670 2
2671 6
2672 3
2673 0
2674 4
2675 1
2676 6
2677 2
2678 0
2679 1
2680 2
2681 3
2682 7
2683 2
2684 2
2685 4
2686 1
2687 2
2688 4
2689 4
2690 2
2691 1
2692 2
2693 2
2694 2
2695 4
2696 3
2697 0
2698 3
2699 4
2700 3
2701 2
2702 2
2703 4
2704 1
2705 0
2706 3
2707 1
2708 1
2709 3
2710 1
2711 2
2712 0
2713 1
2714 2
2715 3
2716 1
2717 1
2718 1
2719 3
2720 2
2721 1
2722 5
2723 3
2724 3
2725 3
2726 3
2727 2
2728 2
2729 3
2730 4
2731 0
2732 1
2733 4
2734 2
2735 3
2736 3
2737 2
2738 1
2739 2
2740 1
2741 2
2742 1
2743 1
2744 3
2745 5
2746 2
2747 1
2748 0
2749 1
2750 1
2751 3
2752 4
2753 2
2754 7
2755 0
2756 6
2757 0
2758 3
2759 1
2760 4
2761 1
2762 3
2763 2
2764 2
2765 2
2766 4
2767 2
2768 3
2769 3
2770 3
2771 2
2772 3
2773 2
2774 3
2775 3
2776 0
2777 2
2778 1
2779 3
2780 2
2781 4
2782 1
2783 4
2784 0
2785 2
2786 0
2787 1
2788 2
2789 1
2790 2
2791 3
2792 1
2793 3
2794 2
2795 0
2796 4
2797 1
2798 3
2799 2
2800 2
2801 1
2802 3
2803 0
2804 3
2805 0
2806 2
2807 2
2808 5
2809 2
2810 0
2811 1
2812 1
2813 0
2814 3
2815 1
2816 3
2817 0
2818 0
2819 4
2820 1
2821 1
2822 2
2823 1
2824 3
2825 0
2826 2
2827 3
2828 6
2829 4
2830 1
2831 3
2832 3
2833 1
2834 2
2835 2
2836 1
2837 2
2838 0
2839 2
2840 0
2841 3
2842 0
2843 2
2844 3
2845 2
2846 3
2847 1
2848 4
2849 2
2850 3
2851 1
2852 1
2853 2
2854 5
2855 1
2856 5
2857 0
2858 7
2859 1
2860 2
2861 1
2862 2
2863 2
2864 2
2865 3
2866 4
2867 0
2868 3
2869 2
2870 3
2871 2
2872 1
2873 1
2874 3
2875 3
2876 3
2877 4
2878 3
2879 4
2880 2
2881 2
2882 4
2883 2
2884 4
2885 0
2886 0
2887 3
2888 4
2889 3
2890 0
2891 4
2892 2
2893 2
2894 1
2895 1
2896 3
2897 2
2898 1
2899 1
2900 1
2901 4
2902 2
2903 2
2904 3
2905 2
2906 2
2907 3
2908 4
2909 3
2910 4
2911 1
2912 2
2913 1
2914 1
2915 2
2916 3
2917 2
2918 1
2919 1
2920 2
2921 5
2922 1
2923 1
2924 2
2925 3
2926 3
2927 2
2928 0
2929 0
2930 0
2931 1
2932 1
2933 1
2934 3
2935 1
2936 2
2937 1
2938 4
2939 2
2940 2
2941 3
2942 0
2943 4
2944 2
2945 1
2946 5
2947 5
2948 2
2949 1
2950 1
2951 3
2952 1
2953 2
2954 0
2955 1
2956 1
2957 3
2958 3
2959 2
2960 0
2961 3
2962 2
2963 4
2964 2
2965 2
2966 2
2967 1
2968 1
2969 3
2970 4
2971 3
2972 2
2973 2
2974 1
2975 3
2976 2
2977 4
2978 2
2979 1
2980 0
2981 3
2982 2
2983 1
2984 1
2985 1
2986 2
2987 3
2988 2
2989 3
2990 4
2991 2
2992 4
2993 1
2994 0
2995 3
2996 1
2997 2
2998 3
2999 6
3000 1
3001 1
3002 2
3003 2
3004 0
3005 1
3006 3
3007 2
3008 3
3009 4
3010 0
3011 3
3012 2
3013 3
3014 1
3015 2
3016 0
3017 1
3018 2
3019 3
3020 3
3021 0
3022 3
3023 0
3024 2
3025 3
3026 3
3027 1
3028 0
3029 1
3030 1
3031 2
3032 2
3033 1
3034 5
3035 0
3036 2
3037 0
3038 1
3039 1
3040 0
3041 2
3042 1
3043 1
3044 2
3045 0
3046 0
3047 1
3048 4
3049 1
3050 1
3051 2
3052 0
3053 2
3054 2
3055 2
3056 0
3057 1
3058 1
3059 2
3060 0
3061 2
3062 0
3063 3
3064 0
3065 4
3066 2
3067 4
3068 4
3069 2
3070 1
3071 0
3072 1
3073 2
3074 0
3075 4
3076 1
3077 0
3078 1
3079 1
3080 4
3081 1
3082 3
3083 2
3084 1
3085 5
3086 1
3087 0
3088 7
3089 3
3090 2
3091 1
3092 2
3093 0
3094 1
3095 3
3096 2
3097 4
3098 4
3099 3
3100 2
3101 2
3102 3
3103 4
3104 6
3105 0
3106 2
3107 1
3108 3
3109 1
3110 1
3111 6
3112 0
3113 0
3114 3
3115 3
3116 4
3117 1
3118 0
3119 1
3120 3
3121 4
3122 2
3123 1
3124 5
3125 0
3126 2
3127 2
3128 2
3129 1
3130 3
3131 3
3132 3
3133 3
3134 2
3135 3
3136 3
3137 2
3138 2
3139 2
3140 1
3141 4
3142 2
3143 2
3144 2
3145 2
3146 3
3147 1
3148 3
3149 1
3150 3
3151 5
3152 0
3153 3
3154 1
3155 0
3156 3
3157 1
3158 4
3159 4
3160 1
3161 2
3162 1
3163 2
3164 3
3165 2
3166 4
3167 5
3168 3
3169 3
3170 5
3171 1
3172 0
3173 1
3174 1
3175 3
3176 0
3177 3
3178 4
3179 2
3180 0
3181 1
3182 3
3183 1
3184 2
3185 1
3186 0
3187 7
3188 4
3189 3
3190 0
3191 0
3192 4
3193 1
3194 2
3195 2
3196 4
3197 1
3198 2
3199 1
3200 2
3201 4
3202 4
3203 3
3204 2
3205 6
3206 0
3207 3
3208 5
3209 0
3210 1
3211 2
3212 2
3213 5
3214 3
3215 3
3216 1
3217 1
3218 3
3219 4
3220 0
3221 1
3222 1
3223 3
3224 3
3225 3
3226 3
3227 2
3228 1
3229 1
3230 3
3231 4
3232 0
3233 4
3234 2
3235 4
3236 2
3237 4
3238 2
3239 2
3240 3
3241 2
3242 1
3243 3
3244 2
3245 3
3246 4
3247 3
3248 2
3249 2
3250 1
3251 4
3252 4
3253 1
3254 1
3255 3
3256 3
3257 3
3258 4
3259 1
3260 6
3261 4
3262 2
3263 2
3264 1
3265 3
3266 3
3267 2
3268 3
3269 6
3270 5
3271 0
3272 1
3273 2
3274 0
3275 3
3276 2
3277 2
3278 0
3279 4
3280 3
3281 2
3282 2
3283 1
3284 2
3285 7
3286 3
3287 1
3288 2
3289 2
3290 2
3291 3
3292 3
3293 5
3294 2
3295 3
3296 2
3297 5
3298 2
3299 2
3300 3
3301 1
3302 0
3303 1
3304 1
3305 2
3306 0
3307 1
3308 1
3309 1
3310 4
3311 2
3312 4
3313 5
3314 2
3315 3
3316 2
3317 3
3318 1
3319 2
3320 4
3321 1
3322 2
3323 4
3324 2
3325 4
3326 4
3327 3
3328 3
3329 2
3330 3
3331 4
3332 5
3333 2
3334 2
3335 3
3336 2
3337 4
3338 0
3339 1
3340 2
3341 3
3342 1
3343 1
3344 1
3345 2
3346 2
3347 2
3348 1
3349 3
3350 4
3351 5
3352 3
3353 5
3354 4
3355 2
3356 7
3357 2
3358 1
3359 3
3360 3
3361 2
3362 2
3363 3
3364 2
3365 5
3366 4
3367 5
3368 1
3369 4
3370 2
3371 4
3372 0
3373 4
3374 2
3375 6
3376 0
3377 1
3378 3
3379 4
3380 4
3381 3
3382 2
3383 2
3384 3
3385 2
3386 0
3387 1
3388 2
3389 0
3390 1
3391 2
3392 2
3393 4
3394 2
3395 4
3396 3
3397 0
3398 3
3399 1
3400 1
3401 1
3402 1
3403 3
3404 3
3405 1
3406 3
3407 2
3408 1
3409 1
3410 5
3411 1
3412 1
3413 3
3414 4
3415 4
3416 2
3417 3
3418 3
3419 2
3420 2
3421 2
3422 2
3423 2
3424 0
3425 2
3426 1
3427 1
3428 1
3429 3
3430 2
3431 2
3432 5
3433 1
3434 2
3435 4
3436 2
3437 1
3438 3
3439 1
3440 3
3441 4
3442 3
3443 2
3444 3
3445 3
3446 3
3447 3
3448 3
3449 2
3450 5
3451 3
3452 1
3453 2
3454 2
3455 4
3456 3
3457 1
3458 0
3459 1
3460 3
3461 2
3462 0
3463 2
3464 2
3465 2
3466 1
3467 2
3468 3
3469 3
3470 2
3471 2
3472 2
3473 2
3474 5
3475 4
3476 3
3477 2
3478 2
3479 0
3480 7
3481 1
3482 0
3483 5
3484 2
3485 4
3486 0
3487 1
3488 1
3489 2
3490 1
3491 2
3492 1
3493 1
3494 1
3495 4
3496 4
3497 4
3498 5
3499 1
3500 4
3501 4
3502 3
3503 2
3504 4
3505 1
3506 3
3507 4
3508 4
3509 7
3510 2
3511 1
3512 4
3513 6
3514 4
3515 3
3516 2
3517 0
3518 3
3519 3
3520 3
3521 1
3522 5
3523 2
3524 3
3525 3
3526 0
3527 2
3528 1
3529 1
3530 4
3531 3
3532 4
3533 2
3534 1
3535 3
3536 3
3537 2
3538 1
3539 5
3540 0
3541 2
3542 2
3543 1
3544 2
3545 2
3546 0
3547 1
3548 1
3549 3
3550 2
3551 1
3552 2
3553 3
3554 2
3555 2
3556 5
3557 1
3558 3
3559 1
3560 3
3561 3
3562 3
3563 1
3564 2
3565 1
3566 0
3567 5
3568 3
3569 4
3570 1
3571 3
3572 2
3573 2
3574 0
3575 2
3576 1
3577 1
3578 0
3579 2
3580 2
3581 3
3582 1
3583 2
3584 1
3585 4
3586 1
3587 3
3588 1
3589 1
3590 2
3591 0
3592 3
3593 3
3594 2
3595 3
3596 3
3597 0
3598 2
3599 3
3600 2
3601 2
3602 2
3603 1
3604 1
3605 3
3606 2
3607 2
3608 7
3609 3
3610 1
3611 1
3612 4
3613 2
3614 6
3615 1
3616 2
3617 0
3618 4
3619 0
3620 3
3621 1
3622 5
3623 3
3624 2
3625 3
3626 2
3627 4
3628 3
3629 1
3630 1
3631 2
3632 0
3633 2
3634 1
3635 2
3636 0
3637 3
3638 4
3639 2
3640 3
3641 1
3642 1
3643 3
3644 1
3645 0
3646 4
3647 1
3648 0
3649 3
3650 3
3651 2
3652 0
3653 1
3654 3
3655 5
3656 2
3657 4
3658 0
3659 0
3660 2
3661 2
3662 1
3663 3
3664 1
3665 2
3666 2
3667 4
3668 2
3669 2
3670 1
3671 2
3672 2
3673 4
3674 2
3675 0
3676 2
3677 4
3678 2
3679 1
3680 2
3681 0
3682 2
3683 3
3684 2
3685 3
3686 2
3687 3
3688 1
3689 1
3690 2
3691 1
3692 1
3693 0
3694 1
3695 2
3696 5
3697 4
3698 2
3699 3
3700 1
3701 3
3702 2
3703 6
3704 5
3705 3
3706 1
3707 5
3708 1
3709 2
3710 2
3711 2
3712 4
3713 2
3714 1
3715 2
3716 1
3717 3
3718 4
3719 4
3720 0
3721 1
3722 5
3723 1
3724 0
3725 5
3726 2
3727 5
3728 4
3729 0
3730 1
3731 2
3732 2
3733 3
3734 1
3735 2
3736 0
3737 2
3738 0
3739 3
3740 1
3741 1
3742 2
3743 4
3744 3
3745 3
3746 1
3747 6
3748 1
3749 2
3750 0
3751 2
3752 3
3753 1
3754 1
3755 3
3756 1
3757 4
3758 2
3759 5
3760 1
3761 2
3762 6
3763 0
3764 0
3765 1
3766 1
3767 2
3768 1
3769 3
3770 1
3771 0
3772 4
3773 6
3774 4
3775 2
3776 3
3777 2
3778 2
3779 2
3780 3
3781 0
3782 2
3783 2
3784 3
3785 4
3786 1
3787 1
3788 2
3789 1
3790 5
3791 3
3792 5
3793 4
3794 2
3795 4
3796 2
3797 3
3798 2
3799 5
3800 4
3801 5
3802 1
3803 2
3804 2
3805 1
3806 2
3807 3
3808 2
3809 2
3810 1
3811 1
3812 2
3813 2
3814 5
3815 2
3816 1
3817 3
3818 4
3819 2
3820 3
3821 2
3822 2
3823 3
3824 1
3825 2
3826 1
3827 1
3828 2
3829 3
3830 2
3831 2
3832 1
3833 4
3834 1
3835 2
3836 4
3837 1
3838 1
3839 0
3840 3
3841 1
3842 4
3843 2
3844 1
3845 1
3846 2
3847 3
3848 1
3849 3
3850 1
3851 3
3852 3
3853 0
3854 3
3855 1
3856 4
3857 1
3858 1
3859 5
3860 3
3861 1
3862 1
3863 3
3864 3
3865 1
3866 2
3867 1
3868 1
3869 2
3870 3
3871 1
3872 1
3873 3
3874 3
3875 2
3876 2
3877 1
3878 6
3879 4
3880 5
3881 0
3882 4
3883 2
3884 3
3885 2
3886 5
3887 1
3888 2
3889 3
3890 6
3891 4
3892 2
3893 4
3894 3
3895 5
3896 1
3897 4
3898 1
3899 4
3900 3
3901 1
3902 3
3903 5
3904 4
3905 0
3906 2
3907 1
3908 2
3909 1
3910 6
3911 0
3912 1
3913 2
3914 2
3915 2
3916 1
3917 1
3918 4
3919 1
3920 6
3921 0
3922 0
3923 3
3924 3
3925 1
3926 2
3927 2
3928 3
3929 1
3930 4
3931 5
3932 3
3933 1
3934 2
3935 2
3936 1
3937 2
3938 1
3939 3
3940 5
3941 1
3942 2
3943 2
3944 4
3945 4
3946 1
3947 1
3948 1
3949 1
3950 1
3951 3
3952 4
3953 4
3954 0
3955 2
3956 0
3957 2
3958 1
3959 4
3960 6
3961 0
3962 0
3963 2
3964 2
3965 4
3966 0
3967 3
3968 1
3969 1
3970 0
3971 3
3972 2
3973 6
3974 8
3975 1
3976 3
3977 2
3978 2
3979 1
3980 1
3981 3
3982 3
3983 0
3984 3
3985 3
3986 2
3987 3
3988 4
3989 6
3990 2
3991 3
3992 0
3993 2
3994 3
3995 2
3996 3
3997 2
3998 1
3999 2
4000 2
4001 3
4002 1
4003 1
4004 2
4005 5
4006 2
4007 1
4008 0
4009 1
4010 4
4011 2
4012 2
4013 2
4014 2
4015 2
4016 3
4017 2
4018 0
4019 2
4020 6
4021 5
4022 2
4023 1
4024 2
4025 4
4026 0
4027 4
4028 0
4029 2
4030 2
4031 2
4032 2
4033 2
4034 2
4035 3
4036 2
4037 0
4038 1
4039 1
4040 1
4041 2
4042 2
4043 3
4044 1
4045 3
4046 1
4047 3
4048 2
4049 3
4050 1
4051 1
4052 0
4053 1
4054 5
4055 4
4056 3
4057 3
4058 1
4059 1
4060 1
4061 1
4062 2
4063 2
4064 2
4065 4
4066 5
4067 2
4068 3
4069 1
4070 3
4071 3
4072 1
4073 2
4074 3
4075 4
4076 1
4077 3
4078 1
4079 6
4080 2
4081 3
4082 4
4083 1
4084 1
4085 2
4086 2
4087 2
4088 4
4089 1
4090 1
4091 3
4092 5
4093 2
4094 2
4095 4
4096 3
4097 3
4098 2
4099 2
4100 2
4101 4
4102 1
4103 5
4104 1
4105 1
4106 1
4107 0
4108 5
4109 3
4110 1
4111 2
4112 0
4113 0
4114 1
4115 6
4116 2
4117 4
4118 4
4119 1
4120 1
4121 2
4122 0
4123 1
4124 1
4125 3
4126 8
4127 2
4128 0
4129 0
4130 0
4131 0
4132 1
4133 1
4134 3
4135 1
4136 2
4137 0
4138 3
4139 10
4140 2
4141 1
4142 1
4143 2
4144 0
4145 4
4146 1
4147 2
4148 1
4149 3
4150 1
4151 3
4152 0
4153 2
4154 3
4155 2
4156 2
4157 2
4158 4
4159 1
4160 2
4161 3
4162 4
4163 0
4164 3
4165 2
4166 2
4167 1
4168 5
4169 1
4170 1
4171 2
4172 1
4173 2
4174 4
4175 2
4176 2
4177 2
4178 3
4179 5
4180 3
4181 3
4182 4
4183 5
4184 2
4185 2
4186 2
4187 4
4188 2
4189 4
4190 0
4191 1
4192 0
4193 5
4194 3
4195 3
4196 1
4197 1
4198 2
4199 4
4200 1
4201 0
4202 0
4203 3
4204 1
4205 5
4206 3
4207 2
4208 1
4209 2
4210 1
4211 4
4212 0
4213 1
4214 5
4215 0
4216 3
4217 2
4218 0
4219 2
4220 1
4221 4
4222 0
4223 3
4224 3
4225 1
4226 2
4227 4
4228 2
4229 5
4230 3
4231 6
4232 3
4233 1
4234 1
4235 2
4236 3
4237 2
4238 2
4239 2
4240 1
4241 3
4242 4
4243 1
4244 2
4245 4
4246 5
4247 4
4248 4
4249 2
4250 2
4251 5
4252 4
4253 1
4254 0
4255 1
4256 0
4257 1
4258 4
4259 5
4260 4
4261 3
4262 2
4263 1
4264 3
4265 2
4266 2
4267 3
4268 1
4269 3
4270 3
4271 1
4272 1
4273 2
4274 2
4275 2
4276 7
4277 3
4278 0
4279 2
4280 1
4281 4
4282 3
4283 0
4284 2
4285 1
4286 2
4287 3
4288 5
4289 0
4290 3
4291 1
4292 2
4293 2
4294 2
4295 2
4296 1
4297 3
4298 3
4299 2
4300 1
4301 1
4302 2
4303 1
4304 2
4305 4
4306 3
4307 2
4308 3
4309 0
4310 3
4311 2
4312 5
4313 2
4314 1
4315 2
4316 0
4317 1
4318 2
4319 4
4320 3
4321 3
4322 1
4323 1
4324 2
4325 2
4326 3
4327 2
4328 1
4329 2
4330 0
4331 1
4332 0
4333 3
4334 2
4335 4
4336 3
4337 5
4338 2
4339 3
4340 3
4341 4
4342 4
4343 3
4344 2
4345 6
4346 2
4347 1
4348 1
4349 1
4350 2
4351 5
4352 1
4353 3
4354 1
4355 5
4356 1
4357 3
4358 1
4359 4
4360 2
4361 3
4362 4
4363 5
4364 1
4365 3
4366 3
4367 1
4368 1
4369 2
4370 1
4371 0
4372 3
4373 2
4374 2
4375 0
4376 0
4377 2
4378 1
4379 1
4380 1
4381 4
4382 1
4383 2
4384 3
4385 1
4386 2
4387 1
4388 3
4389 1
4390 1
4391 2
4392 2
4393 1
4394 1
4395 0
4396 2
4397 3
4398 7
4399 0
4400 0
4401 2
4402 3
4403 0
4404 2
4405 3
4406 2
4407 3
4408 1
4409 5
4410 2
4411 5
4412 1
4413 3
4414 0
4415 2
4416 0
4417 4
4418 1
4419 1
4420 1
4421 2
4422 2
4423 3
4424 2
4425 2
4426 1
4427 2
4428 4
4429 1
4430 4
4431 3
4432 1
4433 4
4434 4
4435 3
4436 2
4437 4
4438 0
4439 2
4440 0
4441 1
4442 1
4443 0
4444 3
4445 1
4446 2
4447 2
4448 1
4449 2
4450 4
4451 4
4452 2
4453 3
4454 3
4455 4
4456 2
4457 4
4458 5
4459 1
4460 1
4461 0
4462 7
4463 1
4464 2
4465 4
4466 3
4467 4
4468 4
4469 5
4470 3
4471 2
4472 5
4473 3
4474 3
4475 1
4476 1
4477 2
4478 2
4479 0
4480 3
4481 2
4482 2
4483 0
4484 4
4485 0
4486 4
4487 2
4488 7
4489 1
4490 4
4491 2
4492 1
4493 1
4494 1
4495 1
4496 1
4497 0
4498 2
4499 3
4500 3
4501 2
4502 1
4503 2
4504 2
4505 2
4506 2
4507 2
4508 2
4509 7
4510 1
4511 1
4512 2
4513 0
4514 3
4515 3
4516 3
4517 2
4518 2
4519 2
4520 1
4521 0
4522 0
4523 3
4524 4
4525 1
4526 2
4527 4
4528 4
4529 2
4530 2
4531 0
4532 1
4533 0
4534 1
4535 2
4536 0
4537 1
4538 6
4539 4
4540 3
4541 1
4542 2
4543 0
4544 4
4545 2
4546 4
4547 2
4548 1
4549 2
4550 1
4551 2
4552 2
4553 2
4554 2
4555 2
4556 1
4557 0
4558 0
4559 2
4560 0
4561 2
4562 1
4563 1
4564 4
4565 1
4566 1
4567 1
4568 4
4569 1
4570 2
4571 5
4572 1
4573 4
4574 3
4575 3
4576 2
4577 2
4578 3
4579 1
4580 1
4581 2
4582 1
4583 1
4584 2
4585 1
4586 1
4587 1
4588 3
4589 3
4590 0
4591 2
4592 1
4593 2
4594 2
4595 2
4596 1
4597 4
4598 2
4599 4
4600 1
4601 2
4602 1
4603 3
4604 3
4605 4
4606 1
4607 1
4608 1
4609 6
4610 4
4611 2
4612 5
4613 3
4614 2
4615 1
4616 4
4617 1
4618 1
4619 1
4620 2
4621 1
4622 4
4623 1
4624 2
4625 2
4626 1
4627 2
4628 0
4629 6
4630 1
4631 6
4632 2
4633 3
4634 1
4635 2
4636 3
4637 3
4638 0
4639 0
4640 3
4641 2
4642 4
4643 2
4644 5
4645 4
4646 4
4647 2
4648 1
4649 2
4650 2
4651 2
4652 5
4653 3
4654 2
4655 4
4656 3
4657 1
4658 1
4659 2
4660 3
4661 4
4662 4
4663 5
4664 0
4665 4
4666 1
4667 2
4668 1
4669 1
4670 5
4671 3
4672 2
4673 2
4674 2
4675 1
4676 5
4677 1
4678 3
4679 1
4680 1
4681 1
4682 2
4683 2
4684 3
4685 2
4686 2
4687 1
4688 1
4689 3
4690 3
4691 3
4692 3
4693 3
4694 0
4695 1
4696 1
4697 3
4698 6
4699 3
4700 4
4701 1
4702 2
4703 3
4704 2
4705 0
4706 2
4707 2
4708 3
4709 0
4710 1
4711 3
4712 0
4713 3
4714 3
4715 0
4716 2
4717 2
4718 0
4719 4
4720 3
4721 2
4722 1
4723 1
4724 2
4725 1
4726 2
4727 1
4728 1
4729 2
4730 1
4731 0
4732 3
4733 3
4734 2
4735 1
4736 2
4737 2
4738 2
4739 3
4740 1
4741 1
4742 1
4743 3
4744 3
4745 3
4746 3
4747 5
4748 2
4749 0
4750 2
4751 0
4752 2
4753 4
4754 2
4755 3
4756 3
4757 1
4758 1
4759 3
4760 3
4761 0
4762 3
4763 1
4764 2
4765 3
4766 0
4767 2
4768 0
4769 2
4770 3
4771 3
4772 2
4773 0
4774 3
4775 6
4776 2
4777 1
4778 3
4779 3
4780 2
4781 2
4782 1
4783 3
4784 2
4785 3
4786 1
4787 0
4788 0
4789 0
4790 2
4791 1
4792 1
4793 0
4794 4
4795 1
4796 2
4797 2
4798 1
4799 4
4800 1
4801 5
4802 1
4803 1
4804 4
4805 0
4806 6
4807 0
4808 2
4809 2
4810 2
4811 2
4812 2
4813 3
4814 3
4815 2
4816 3
4817 3
4818 0
4819 3
4820 3
4821 2
4822 0
4823 2
4824 5
4825 1
4826 3
4827 3
4828 2
4829 2
4830 4
4831 2
4832 2
4833 4
4834 2
4835 2
4836 2
4837 3
4838 2
4839 3
4840 4
4841 2
4842 3
4843 1
4844 6
4845 1
4846 0
4847 3
4848 2
4849 5
4850 4
4851 0
4852 2
4853 2
4854 4
4855 2
4856 2
4857 3
4858 1
4859 3
4860 1
4861 1
4862 3
4863 0
4864 1
4865 0
4866 2
4867 2
4868 3
4869 2
4870 0
4871 1
4872 1
4873 1
4874 2
4875 0
4876 5
4877 1
4878 2
4879 3
4880 0
4881 1
4882 3
4883 2
4884 2
4885 2
4886 1
4887 1
4888 2
4889 2
4890 4
4891 1
4892 2
4893 4
4894 3
4895 1
4896 4
4897 2
4898 1
4899 2
4900 3
4901 2
4902 0
4903 2
4904 3
4905 4
4906 3
4907 3
4908 2
4909 3
4910 2
4911 3
4912 2
4913 2
4914 4
4915 3
4916 1
4917 4
4918 2
4919 5
4920 3
4921 0
4922 2
4923 0
4924 1
4925 4
4926 1
4927 3
4928 2
4929 1
4930 5
4931 1
4932 2
4933 0
4934 3
4935 3
4936 2
4937 2
4938 3
4939 0
4940 5
4941 1
4942 3
4943 2
4944 3
4945 1
4946 3
4947 1
4948 2
4949 1
4950 1
4951 5
4952 3
4953 1
4954 1
4955 1
4956 2
4957 3
4958 1
4959 1
4960 1
4961 1
4962 2
4963 2
4964 3
4965 1
4966 1
4967 1
4968 4
4969 5
4970 3
4971 1
4972 2
4973 1
4974 3
4975 1
4976 1
4977 0
4978 1
4979 2
4980 0
4981 2
4982 3
4983 0
4984 1
4985 0
4986 3
4987 1
4988 2
4989 0
4990 3
4991 3
4992 1
4993 3
4994 1
4995 2
4996 1
4997 1
4998 2
4999 2
