0 98
1 45
2 87
3 42
4 107
5 41
6 155
7 21
8 50
9 25
10 44
11 44
12 26
13 62
14 33
15 40
16 22
17 67
18 18
19 62
20 127
21 171
22 91
23 25
24 49
25 114
26 40
27 41
28 137
29 38
30 25
31 66
32 169
33 34
34 72
35 123
36 57
37 160
38 57
39 4
40 14
41 33
42 19
43 30
44 12
45 18
46 303
47 48
48 112
49 765
50 20
51 1315
52 64
53 34
54 256
55 40
56 24
57 65
58 26
59 17
60 35
61 53
62 65
63 23
64 73
65 192
66 186
67 33
68 48
69 237
70 578
71 186
72 32
73 2006
74 191
75 47
76 20
77 41
78 30
79 187
80 60
81 53
82 29
83 19
84 57
85 26
86 46
87 268
88 252
89 11
90 15
91 93
92 82
93 43
94 77
95 35
96 151
97 2941
98 59
99 45
100 52
101 29
102 16
103 152
104 30
105 82
106 44
107 131
108 111
109 57
110 32
111 69
112 8
113 21
114 29
115 805
116 714
117 370
118 85
119 276
120 61
121 57
122 1213
123 1344
124 27
125 166
126 43
127 26
128 26
129 27
130 459
131 100
132 43
133 22
134 17
135 63
136 249
137 60
138 36
139 915
140 37
141 297
142 111
143 128
144 28
145 109
146 29
147 86
148 115
149 82
150 8
151 83
152 10
153 27
154 41
155 37
156 18
157 17
158 42
159 593
160 93
161 79
162 34
163 7
164 76
165 53
166 14
167 313
168 32
169 253
170 27
171 40
172 42
173 33
174 64
175 34
176 65
177 38
178 53
179 32
180 23
181 27
182 504
183 76
184 24
185 63
186 36
187 103
188 19
189 1054
190 36
191 47
192 150
193 63
194 37
195 30
196 365
197 62
198 21
199 51
200 14
201 27
202 98
203 66
204 40
205 240
206 36
207 54
208 51
209 75
210 43
211 339
212 49
213 115
214 210
215 30
216 38
217 19
218 82
219 104
220 22
221 77
222 89
223 65
224 33
225 13
226 30
227 145
228 242
229 50
230 122
231 143
232 49
233 18
234 12
235 30
236 269
237 14
238 30
239 69
240 763
241 82
242 12
243 48
244 7
245 43
246 32
247 67
248 100
249 34
250 32
251 38
252 90
253 47
254 93
255 27
256 164
257 26
258 83
259 38
260 80
261 73
262 23
263 51
264 45
265 341
266 98
267 972
268 133
269 45
270 240
271 16
272 130
273 96
274 38
275 59
276 251
277 42
278 4
279 80
280 32
281 43
282 228
283 76
284 222
285 119
286 89
287 51
288 135
289 9
290 36
291 34
292 61
293 101
294 41
295 17
296 38
297 207
298 25
299 76
300 44
301 30
302 27
303 26
304 165
305 38
306 29
307 25
308 1008
309 73
310 37
311 21
312 196
313 264
314 2330
315 12
316 46
317 33
318 18
319 47
320 69
321 54
322 42
323 31
324 32
325 1499
326 305
327 41
328 87
329 22
330 15
331 89
332 29
333 507
334 58
335 40
336 48
337 153
338 15
339 16
340 81
341 480
342 72
343 28
344 139
345 73
346 59
347 28
348 81
349 102
350 253
351 77
352 52
353 36
354 112
355 41
356 38
357 418
358 17
359 58
360 48
361 73
362 42
363 86
364 32
365 2760
366 50
367 165
368 21
369 61
370 839
371 1819
372 24
373 186
374 14
375 181
376 8
377 11
378 97
379 376
380 41
381 96
382 10
383 163
384 180
385 86
386 23
387 156
388 39
389 63
390 40
391 109
392 19
393 48
394 33
395 122
396 476
397 78
398 93
399 31
400 64
401 99
402 29
403 50
404 32
405 50
406 24
407 27
408 9
409 106
410 52
411 18
412 118
413 45
414 454
415 62
416 51
417 52
418 197
419 36
420 60
421 52
422 84
423 49
424 34
425 43
426 25
427 186
428 78
429 87
430 75
431 20
432 549
433 108
434 125
435 65
436 45
437 154
438 21
439 247
440 21
441 177
442 52
443 14
444 233
445 111
446 110
447 50
448 213
449 62
450 98
451 48
452 30
453 37
454 17
455 181
456 90
457 31
458 83
459 66
460 218
461 40
462 83
463 66
464 20
465 23
466 76
467 79
468 89
469 221
470 182
471 41
472 332
473 36
474 91
475 14
476 72
477 18
478 34
479 158
480 576
481 1793
482 54
483 60
484 326
485 73
486 148
487 215
488 85
489 76
490 321
491 12
492 262
493 36
494 36
495 27
496 21
497 39
498 26
499 36
500 712
501 676
502 13
503 14
504 150
505 81
506 43
507 90
508 209
509 34
510 40
511 244
512 137
513 66
514 29
515 80
516 37
517 22
518 100
519 27
520 65
521 497
522 48
523 51
524 47
525 277
526 48
527 51
528 127
529 152
530 144
531 17
532 31
533 19
534 135
535 35
536 36
537 687
538 64
539 46
540 108
541 52
542 89
543 4109
544 42
545 129
546 19
547 28
548 10
549 34
550 39
551 944
552 71
553 58
554 56
555 469
556 66
557 18
558 5
559 62
560 100
561 49
562 113
563 37
564 73
565 16
566 5
567 29
568 30
569 130
570 257
571 223
572 73
573 34
574 28
575 239
576 36
577 946
578 34
579 38
580 71
581 33
582 41
583 20
584 41
585 157
586 104
587 298
588 62
589 31
590 13
591 28
592 252
593 18
594 14
595 35
596 233
597 130
598 120
599 26
600 99
601 26
602 69
603 19
604 49
605 29
606 439
607 19
608 283
609 62
610 17
611 29
612 228
613 40
614 81
615 8
616 245
617 109
618 30
619 9
620 26
621 22
622 44
623 107
624 76
625 104
626 39
627 72
628 31
629 89
630 30
631 30
632 37
633 23
634 187
635 168
636 7
637 225
638 254
639 58
640 154
641 115
642 20
643 199
644 59
645 22
646 288
647 181
648 37
649 113
650 58
651 145
652 88
653 18
654 156
655 124
656 26
657 24
658 31
659 39
660 43
661 27
662 107
663 200
664 39
665 42
666 106
667 44
668 83
669 48
670 57
671 80
672 21
673 572
674 89
675 117
676 649
677 27
678 21
679 19
680 11
681 107
682 101
683 46
684 92
685 547
686 18
687 16
688 236
689 29
690 17
691 41
692 42
693 45
694 376
695 35
696 122
697 63
698 66
699 27
700 73
701 28
702 52
703 120
704 58
705 71
706 11
707 3726
708 41
709 26
710 44
711 27
712 8
713 39
714 31
715 62
716 123
717 59
718 17
719 52
720 28
721 34
722 35
723 56
724 155
725 37
726 27
727 4969
728 37
729 54
730 302
731 7
732 55
733 91
734 1348
735 14
736 147
737 46
738 83
739 362
740 56
741 14
742 175
743 79
744 75
745 79
746 40
747 244
748 302
749 11
750 7
751 225
752 98
753 43
754 42
755 70
756 41
757 92
758 115
759 274
760 32
761 32
762 141
763 41
764 19
765 47
766 13
767 277
768 28
769 88
770 87
771 31
772 147
773 85
774 116
775 195
776 214
777 53
778 43
779 100
780 92
781 48
782 50
783 27
784 52
785 104
786 558
787 70
788 39
789 25
790 276
791 22
792 141
793 50
794 142
795 44
796 70
797 32
798 162
799 67
800 23
801 7624
802 97
803 24
804 66
805 38
806 195
807 57
808 56
809 23
810 151
811 47
812 33
813 31
814 93
815 23
816 107
817 397
818 112
819 30
820 455
821 21
822 56
823 1865
824 85
825 793
826 56
827 21
828 89
829 225
830 59
831 10
832 34
833 50
834 27
835 15
836 185
837 53
838 52
839 1259
840 361
841 15
842 50
843 56
844 243
845 39
846 17
847 49
848 29
849 66
850 133
851 18
852 443
853 60
854 141
855 193
856 63
857 13
858 84
859 69
860 113
861 14
862 17
863 23
864 73
865 54
866 375
867 20
868 39
869 18
870 21
871 31
872 60
873 22
874 40
875 193
876 24
877 312
878 81
879 77
880 48
881 48
882 144
883 125
884 308
885 18
886 51
887 50
888 26
889 303
890 114
891 102
892 35
893 90
894 37
895 33
896 39
897 41
898 34
899 93
900 51
901 34
902 13
903 27
904 108
905 26
906 31
907 291
908 60
909 98
910 83
911 160
912 12
913 65
914 66
915 59
916 150
917 39
918 14
919 34
920 115
921 553
922 49
923 38
924 41
925 72
926 101
927 23
928 46
929 24
930 63
931 137
932 37
933 8
934 29
935 148
936 26
937 37
938 123
939 12
940 829
941 282
942 120
943 30
944 35
945 21
946 80
947 20
948 26
949 58
950 36
951 28
952 581
953 39
954 11
955 16
956 92
957 52
958 106
959 165
960 228
961 29
962 32
963 57
964 57
965 19
966 21
967 169
968 51
969 42
970 36
971 35
972 37
973 81
974 56
975 306
976 32
977 95
978 29
979 29
980 182
981 165
982 77
983 23
984 20
985 24
986 29
987 27
988 152
989 41
990 155
991 298
992 26
993 50
994 45
995 62
996 72
997 37
998 32
999 60
