0 111
1 110
2 88
3 116
4 115
5 113
6 106
7 97
8 117
9 125
10 118
11 110
12 88
13 121
14 123
15 91
16 105
17 113
18 100
19 121
20 122
21 101
22 115
23 106
24 109
25 128
26 105
27 112
28 102
29 115
30 101
31 114
32 96
33 109
34 97
35 114
36 109
37 107
38 111
39 104
40 95
41 110
42 100
43 114
44 113
45 114
46 123
47 105
48 107
49 100
50 105
51 112
52 114
53 113
54 119
55 110
56 114
57 101
58 102
59 120
60 116
61 89
62 114
63 120
64 114
65 108
66 105
67 115
68 114
69 126
70 112
71 110
72 96
73 109
74 116
75 116
76 106
77 112
78 106
79 135
80 109
81 108
82 123
83 112
84 117
85 125
86 87
87 88
88 128
89 99
90 108
91 103
92 106
93 117
94 100
95 113
96 125
97 124
98 121
99 112
