0 13
1 10
2 75
3 13
4 10
5 1
6 2
7 1
8 22
9 2
10 15
11 22
12 0
13 1
14 5
15 1
16 9
17 27
18 1
19 8
20 16
21 3
22 6
23 0
24 5
25 7
26 3
27 4
28 127
29 21
30 6
31 22
32 120
33 2
34 22
35 32
36 45
37 0
38 2
39 0
40 5
41 0
42 12
43 3
44 1
45 7
46 268
47 4
48 45
49 47
50 3
51 11
52 7
53 10
54 3
55 15
56 16
57 16
58 1
59 5
60 4
61 46
62 6
63 11
64 10
65 157
66 4
67 4
68 9
69 212
70 16
71 89
72 5
73 1989
74 11
75 0
76 3
77 2
78 3
79 29
80 16
81 7
82 5
83 9
84 16
85 4
86 10
87 15
88 10
89 0
90 1
91 3
92 3
93 15
94 2
95 0
96 109
97 2870
98 5
99 10
100 20
101 1
102 4
103 38
104 7
105 35
106 2
107 16
108 5
109 22
110 25
111 38
112 0
113 7
114 2
115 766
116 227
117 22
118 2
119 181
120 4
121 5
122 8
123 332
124 11
125 16
126 4
127 2
128 3
129 15
130 0
131 17
132 7
133 0
134 4
135 5
136 0
137 8
138 5
139 7
140 28
141 261
142 4
143 8
144 11
145 13
146 3
147 0
148 50
149 2
150 4
151 53
152 2
153 1
154 3
155 1
156 1
157 3
158 2
159 2
160 21
161 7
162 17
163 1
164 1
165 3
166 1
167 20
168 6
169 13
170 3
171 6
172 21
173 10
174 2
175 0
176 7
177 15
178 6
179 5
180 7
181 12
182 431
183 7
184 11
185 30
186 0
187 1
188 3
189 5
190 4
191 0
192 8
193 4
194 12
195 0
196 4
197 13
198 8
199 2
200 0
201 3
202 69
203 0
204 6
205 0
206 1
207 0
208 6
209 5
210 2
211 5
212 20
213 81
214 3
215 0
216 0
217 0
218 22
219 1
220 8
221 2
222 10
223 3
224 5
225 0
226 10
227 3
228 1
229 6
230 7
231 13
232 7
233 2
234 0
235 8
236 216
237 2
238 0
239 8
240 732
241 11
242 0
243 23
244 1
245 3
246 0
247 10
248 6
249 6
250 19
251 0
252 10
253 0
254 19
255 4
256 15
257 0
258 7
259 6
260 42
261 2
262 6
263 20
264 4
265 0
266 8
267 5
268 23
269 2
270 1
271 0
272 4
273 3
274 11
275 1
276 195
277 11
278 0
279 5
280 9
281 33
282 0
283 2
284 16
285 2
286 6
287 20
288 7
289 1
290 18
291 1
292 2
293 56
294 2
295 1
296 6
297 0
298 0
299 44
300 3
301 12
302 0
303 2
304 27
305 2
306 6
307 8
308 13
309 0
310 9
311 11
312 10
313 7
314 5
315 1
316 13
317 4
318 7
319 2
320 4
321 1
322 14
323 5
324 10
325 12
326 17
327 2
328 3
329 1
330 7
331 1
332 0
333 59
334 0
335 0
336 22
337 8
338 3
339 5
340 1
341 34
342 3
343 11
344 43
345 9
346 2
347 2
348 5
349 15
350 4
351 6
352 37
353 7
354 0
355 23
356 6
357 25
358 0
359 5
360 3
361 17
362 0
363 1
364 16
365 5
366 3
367 1
368 8
369 1
370 10
371 24
372 12
373 50
374 0
375 25
376 1
377 1
378 5
379 2
380 0
381 2
382 2
383 13
384 0
385 46
386 2
387 33
388 2
389 56
390 9
391 2
392 3
393 11
394 6
395 7
396 11
397 8
398 5
399 9
400 37
401 4
402 7
403 2
404 1
405 8
406 3
407 6
408 6
409 15
410 11
411 3
412 99
413 4
414 446
415 0
416 0
417 14
418 4
419 13
420 2
421 11
422 2
423 14
424 9
425 10
426 2
427 12
428 27
429 19
430 6
431 5
432 123
433 42
434 68
435 37
436 4
437 3
438 1
439 4
440 3
441 133
442 3
443 8
444 26
445 27
446 10
447 5
448 72
449 29
450 0
451 3
452 12
453 0
454 2
455 4
456 7
457 8
458 9
459 9
460 13
461 2
462 2
463 49
464 3
465 1
466 1
467 7
468 7
469 1
470 163
471 9
472 0
473 16
474 2
475 2
476 2
477 3
478 7
479 5
480 4
481 0
482 4
483 12
484 305
485 1
486 2
487 16
488 11
489 7
490 2
491 1
492 7
493 2
494 18
495 12
496 0
497 6
498 0
499 0
500 63
501 1
502 0
503 3
504 7
505 9
506 5
507 0
508 6
509 0
510 0
511 110
512 61
513 13
514 2
515 1
516 18
517 0
518 10
519 0
520 4
521 4
522 0
523 4
524 2
525 4
526 0
527 2
528 1
529 0
530 116
531 1
532 4
533 4
534 126
535 12
536 12
537 8
538 10
539 4
540 5
541 29
542 2
543 0
544 0
545 2
546 1
547 1
548 4
549 0
550 11
551 6
552 8
553 13
554 45
555 2
556 14
557 4
558 1
559 0
560 1
561 2
562 10
563 20
564 8
565 3
566 2
567 5
568 3
569 35
570 3
571 109
572 2
573 3
574 10
575 2
576 14
577 2
578 3
579 1
580 37
581 7
582 2
583 6
584 31
585 3
586 15
587 0
588 0
589 23
590 3
591 2
592 8
593 3
594 0
595 4
596 17
597 8
598 22
599 7
600 3
601 5
602 2
603 0
604 5
605 5
606 2
607 4
608 5
609 27
610 1
611 0
612 0
613 0
614 1
615 0
616 2
617 3
618 1
619 4
620 2
621 11
622 3
623 18
624 15
625 21
626 23
627 8
628 3
629 55
630 7
631 1
632 4
633 3
634 0
635 31
636 3
637 19
638 8
639 3
640 121
641 15
642 8
643 35
644 2
645 2
646 232
647 1
648 33
649 26
650 29
651 0
652 34
653 2
654 2
655 7
656 6
657 0
658 4
659 4
660 11
661 2
662 0
663 10
664 6
665 1
666 1
667 2
668 5
669 7
670 6
671 13
672 3
673 8
674 0
675 1
676 3
677 6
678 2
679 6
680 2
681 73
682 3
683 0
684 19
685 7
686 8
687 1
688 8
689 1
690 2
691 18
692 18
693 6
694 4
695 3
696 26
697 1
698 2
699 4
700 2
701 4
702 2
703 2
704 0
705 7
706 2
707 5
708 2
709 4
710 19
711 17
712 0
713 7
714 0
715 3
716 110
717 3
718 4
719 14
720 5
721 21
722 0
723 10
724 3
725 14
726 9
727 0
728 19
729 15
730 4
731 4
732 2
733 3
734 22
735 0
736 2
737 2
738 4
739 0
740 6
741 1
742 12
743 3
744 33
745 16
746 2
747 18
748 37
749 0
750 3
751 4
752 18
753 8
754 11
755 2
756 2
757 44
758 97
759 3
760 15
761 0
762 20
763 28
764 2
765 1
766 0
767 7
768 2
769 11
770 4
771 21
772 4
773 6
774 13
775 11
776 1
777 2
778 22
779 6
780 12
781 5
782 12
783 1
784 1
785 1
786 11
787 57
788 30
789 3
790 45
791 3
792 8
793 20
794 18
795 3
796 7
797 1
798 3
799 2
800 5
801 6
802 3
803 15
804 2
805 15
806 7
807 1
808 13
809 9
810 5
811 13
812 1
813 21
814 11
815 6
816 10
817 12
818 17
819 0
820 3
821 9
822 9
823 3
824 47
825 768
826 4
827 9
828 13
829 6
830 4
831 1
832 0
833 10
834 1
835 2
836 2
837 5
838 2
839 3
840 0
841 2
842 3
843 10
844 6
845 3
846 2
847 33
848 5
849 24
850 10
851 1
852 3
853 54
854 37
855 157
856 0
857 2
858 7
859 42
860 29
861 4
862 0
863 5
864 10
865 2
866 0
867 5
868 0
869 0
870 6
871 10
872 3
873 14
874 4
875 46
876 2
877 5
878 0
879 3
880 0
881 2
882 19
883 105
884 9
885 14
886 21
887 35
888 3
889 5
890 1
891 14
892 15
893 2
894 6
895 13
896 7
897 10
898 19
899 3
900 5
901 0
902 0
903 0
904 4
905 2
906 2
907 0
908 0
909 10
910 1
911 140
912 0
913 35
914 6
915 13
916 1
917 4
918 0
919 10
920 11
921 47
922 10
923 3
924 27
925 6
926 1
927 4
928 2
929 3
930 2
931 1
932 17
933 1
934 13
935 0
936 0
937 18
938 77
939 2
940 4
941 4
942 4
943 3
944 0
945 2
946 47
947 5
948 0
949 2
950 6
951 6
952 59
953 8
954 9
955 1
956 21
957 13
958 94
959 1
960 2
961 1
962 11
963 33
964 11
965 7
966 12
967 4
968 2
969 6
970 17
971 4
972 19
973 9
974 8
975 269
976 8
977 24
978 3
979 11
980 148
981 7
982 30
983 16
984 4
985 15
986 3
987 11
988 10
989 6
990 3
991 18
992 0
993 1
994 25
995 18
996 19
997 27
998 2
999 25
1000 22
1001 5
1002 1
1003 5
1004 0
1005 2
1006 147
1007 0
1008 6
1009 10
1010 15
1011 12
1012 15
1013 21
1014 17
1015 5
1016 4
1017 0
1018 1
1019 12
1020 5
1021 2
1022 10
1023 8
1024 10
1025 10
1026 16
1027 21
1028 9
1029 0
1030 3
1031 6
1032 0
1033 27
1034 11
1035 0
1036 1
1037 1
1038 5
1039 0
1040 6
1041 2
1042 2
1043 11
1044 1
1045 6
1046 19
1047 1
1048 23
1049 49
1050 9
1051 0
1052 15
1053 2
1054 220
1055 1
1056 2
1057 24
1058 14
1059 6
1060 21
1061 1
1062 43
1063 1
1064 38
1065 1
1066 8
1067 0
1068 8
1069 0
1070 17
1071 14
1072 16
1073 2
1074 11
1075 10
1076 4
1077 27
1078 9
1079 115
1080 7
1081 13
1082 3
1083 3
1084 20
1085 10
1086 4
1087 2
1088 9
1089 0
1090 0
1091 8
1092 15
1093 3
1094 1
1095 16
1096 0
1097 11
1098 7
1099 19
1100 16
1101 8
1102 0
1103 29
1104 2
1105 2
1106 15
1107 1
1108 7
1109 20
1110 3
1111 12
1112 1
1113 10
1114 13
1115 10
1116 217
1117 1
1118 62
1119 4
1120 36
1121 11
1122 131
1123 9
1124 4
1125 75
1126 7
1127 6
1128 14
1129 2
1130 18
1131 17
1132 1
1133 5
1134 3
1135 45
1136 10
1137 8
1138 0
1139 8
1140 0
1141 2
1142 8
1143 88
1144 5
1145 85
1146 1
1147 6
1148 36
1149 33
1150 0
1151 2
1152 4
1153 5
1154 2
1155 15
1156 0
1157 5
1158 5
1159 1
1160 63
1161 55
1162 3
1163 0
1164 3
1165 2
1166 1
1167 2
1168 0
1169 14
1170 5
1171 0
1172 1
1173 8
1174 1
1175 7
1176 12
1177 1
1178 23
1179 6
1180 0
1181 1
1182 10
1183 56
1184 0
1185 22
1186 0
1187 50
1188 2
1189 22
1190 4
1191 14
1192 54
1193 14
1194 1
1195 2
1196 100
1197 10
1198 5
1199 2
1200 5
1201 8
1202 15
1203 43
1204 25
1205 27
1206 6
1207 18
1208 4
1209 65
1210 35
1211 8
1212 2
1213 1
1214 28
1215 0
1216 1
1217 3
1218 19
1219 3
1220 2
1221 32
1222 2
1223 6
1224 1
1225 5
1226 14
1227 3
1228 17
1229 31
1230 5
1231 7
1232 3
1233 7
1234 5
1235 1
1236 5
1237 0
1238 6
1239 38
1240 1
1241 47
1242 0
1243 9
1244 1
1245 3
1246 14
1247 1
1248 2
1249 11
1250 4
1251 2
1252 26
1253 3
1254 16
1255 0
1256 6
1257 9
1258 25
1259 7
1260 11
1261 3
1262 1
1263 8
1264 23
1265 285
1266 15
1267 133
1268 12
1269 4
1270 4
1271 13
1272 99
1273 83
1274 4
1275 24
1276 4
1277 13
1278 2
1279 28
1280 7
1281 1
1282 3
1283 61
1284 3
1285 5
1286 23
1287 8
1288 0
1289 2
1290 4
1291 6
1292 0
1293 3
1294 10
1295 1
1296 8
1297 32
1298 15
1299 0
1300 2
1301 8
1302 8
1303 8
1304 1
1305 1
1306 0
1307 0
1308 3
1309 62
1310 12
1311 4
1312 6
1313 96
1314 0
1315 1
1316 14
1317 6
1318 2
1319 26
1320 20
1321 35
1322 5
1323 8
1324 0
1325 3
1326 8
1327 29
1328 72
1329 4
1330 0
1331 4
1332 3
1333 11
1334 4
1335 4
1336 11
1337 0
1338 1
1339 0
1340 5
1341 417
1342 40
1343 9
1344 58
1345 26
1346 4
1347 0
1348 2
1349 1
1350 40
1351 6
1352 1
1353 2
1354 85
1355 7
1356 3
1357 1
1358 0
1359 11
1360 1
1361 0
1362 5
1363 4
1364 3
1365 8
1366 12
1367 5
1368 1
1369 7
1370 17
1371 18
1372 1
1373 1
1374 2
1375 112
1376 4
1377 3
1378 4
1379 0
1380 17
1381 9
1382 4
1383 7
1384 89
1385 15
1386 11
1387 0
1388 12
1389 2
1390 0
1391 14
1392 5
1393 22
1394 1
1395 107
1396 0
1397 11
1398 4
1399 18
1400 25
1401 88
1402 16
1403 2
1404 1
1405 14
1406 2
1407 13
1408 0
1409 8
1410 1
1411 0
1412 0
1413 1
1414 1
1415 0
1416 41
1417 9
1418 7
1419 8
1420 3
1421 11
1422 47
1423 3
1424 0
1425 8
1426 13
1427 0
1428 2
1429 3
1430 3
1431 2
1432 10
1433 1
1434 27
1435 6
1436 13
1437 18
1438 2
1439 6
1440 10
1441 0
1442 1
1443 1
1444 6
1445 0
1446 6
1447 0
1448 42
1449 4
1450 71
1451 2
1452 14
1453 0
1454 7
1455 9
1456 4
1457 2
1458 4
1459 10
1460 49
1461 25
1462 2
1463 5
1464 1
1465 4
1466 3
1467 49
1468 33
1469 163
1470 4
1471 2
1472 1
1473 2
1474 0
1475 3
1476 20
1477 4
1478 4
1479 123
1480 5
1481 19
1482 2
1483 3
1484 5
1485 43
1486 1
1487 6
1488 62
1489 6
1490 0
1491 2
1492 2
1493 13
1494 15
1495 8
1496 3
1497 5
1498 3
1499 4
1500 5
1501 1
1502 7
1503 5
1504 0
1505 34
1506 19
1507 40
1508 5
1509 3
1510 6
1511 68
1512 1
1513 13
1514 10
1515 16
1516 2
1517 13
1518 6
1519 5
1520 1
1521 39
1522 27
1523 0
1524 1
1525 2
1526 23
1527 0
1528 4
1529 41
1530 5
1531 3
1532 0
1533 3
1534 3
1535 1
1536 11
1537 5
1538 1
1539 2
1540 0
1541 15
1542 5
1543 4
1544 1
1545 0
1546 3
1547 24
1548 2
1549 5
1550 3
1551 8
1552 26
1553 3
1554 2
1555 4
1556 2
1557 3
1558 0
1559 4
1560 5
1561 3
1562 11
1563 2
1564 4
1565 0
1566 1
1567 9
1568 10
1569 5
1570 10
1571 11
1572 16
1573 2
1574 4
1575 168
1576 8
1577 927
1578 8
1579 28
1580 11
1581 10
1582 19
1583 1
1584 0
1585 7
1586 70
1587 100
1588 3
1589 0
1590 3
1591 13
1592 226
1593 5
1594 4
1595 6
1596 187
1597 89
1598 7
1599 1
1600 3
1601 4
1602 6
1603 1
1604 13
1605 3
1606 19
1607 2
1608 161
1609 1
1610 3
1611 13
1612 10
1613 7
1614 3
1615 5
1616 6
1617 99
1618 2
1619 3
1620 2
1621 1
1622 9
1623 4
1624 27
1625 20
1626 2
1627 0
1628 1
1629 3
1630 0
1631 5
1632 9
1633 1
1634 151
1635 46
1636 0
1637 3
1638 129
1639 49
1640 0
1641 3
1642 0
1643 0
1644 1
1645 2
1646 21
1647 2
1648 0
1649 3
1650 1
1651 17
1652 12
1653 4
1654 3
1655 23
1656 2
1657 7
1658 21
1659 8
1660 15
1661 0
1662 7
1663 15
1664 1
1665 11
1666 27
1667 19
1668 2
1669 19
1670 3
1671 4
1672 4
1673 531
1674 27
1675 110
1676 2
1677 5
1678 3
1679 7
1680 2
1681 3
1682 56
1683 6
1684 4
1685 340
1686 1
1687 2
1688 4
1689 11
1690 1
1691 3
1692 0
1693 14
1694 7
1695 17
1696 54
1697 5
1698 5
1699 0
1700 0
1701 0
1702 17
1703 18
1704 5
1705 4
1706 2
1707 3
1708 22
1709 13
1710 11
1711 0
1712 3
1713 2
1714 8
1715 0
1716 1
1717 17
1718 4
1719 12
1720 8
1721 2
1722 8
1723 38
1724 0
1725 5
1726 5
1727 4953
1728 0
1729 16
1730 290
1731 0
1732 15
1733 28
1734 0
1735 2
1736 5
1737 14
1738 28
1739 8
1740 1
1741 8
1742 39
1743 4
1744 2
1745 8
1746 8
1747 9
1748 252
1749 3
1750 1
1751 212
1752 1
1753 8
1754 4
1755 22
1756 1
1757 11
1758 6
1759 24
1760 0
1761 6
1762 3
1763 8
1764 12
1765 12
1766 1
1767 18
1768 18
1769 4
1770 58
1771 0
1772 90
1773 11
1774 8
1775 3
1776 0
1777 8
1778 4
1779 1
1780 18
1781 14
1782 3
1783 6
1784 38
1785 0
1786 510
1787 1
1788 1
1789 6
1790 11
1791 0
1792 15
1793 10
1794 1
1795 2
1796 32
1797 5
1798 91
1799 6
1800 5
1801 11
1802 46
1803 2
1804 22
1805 21
1806 23
1807 5
1808 1
1809 0
1810 133
1811 27
1812 7
1813 2
1814 42
1815 2
1816 71
1817 8
1818 89
1819 7
1820 2
1821 2
1822 3
1823 6
1824 5
1825 2
1826 16
1827 3
1828 4
1829 11
1830 0
1831 2
1832 1
1833 2
1834 9
1835 6
1836 5
1837 35
1838 42
1839 1
1840 3
1841 4
1842 13
1843 2
1844 26
1845 13
1846 10
1847 0
1848 5
1849 2
1850 40
1851 3
1852 331
1853 0
1854 3
1855 27
1856 0
1857 0
1858 5
1859 10
1860 76
1861 1
1862 3
1863 2
1864 9
1865 34
1866 7
1867 6
1868 13
1869 9
1870 1
1871 1
1872 36
1873 3
1874 2
1875 0
1876 0
1877 0
1878 0
1879 13
1880 2
1881 3
1882 2
1883 6
1884 13
1885 0
1886 1
1887 1
1888 10
1889 59
1890 66
1891 0
1892 2
1893 7
1894 0
1895 3
1896 5
1897 18
1898 9
1899 34
1900 6
1901 18
1902 6
1903 1
1904 27
1905 10
1906 2
1907 238
1908 2
1909 37
1910 1
1911 9
1912 1
1913 16
1914 46
1915 0
1916 110
1917 7
1918 2
1919 6
1920 67
1921 4
1922 6
1923 27
1924 2
1925 17
1926 64
1927 0
1928 25
1929 4
1930 4
1931 21
1932 4
1933 3
1934 0
1935 17
1936 7
1937 0
1938 4
1939 1
1940 0
1941 3
1942 101
1943 11
1944 22
1945 0
1946 9
1947 2
1948 2
1949 9
1950 26
1951 3
1952 37
1953 2
1954 1
1955 0
1956 18
1957 2
1958 5
1959 3
1960 2
1961 1
1962 17
1963 10
1964 1
1965 0
1966 6
1967 2
1968 6
1969 9
1970 0
1971 12
1972 4
1973 19
1974 0
1975 7
1976 5
1977 25
1978 4
1979 0
1980 6
1981 1
1982 3
1983 5
1984 5
1985 1
1986 5
1987 0
1988 36
1989 6
1990 6
1991 2
1992 4
1993 9
1994 4
1995 10
1996 3
1997 1
1998 7
1999 1
2000 6
2001 6
2002 2
2003 3
2004 55
2005 13
2006 0
2007 15
2008 2
2009 6
2010 3
2011 3
2012 0
2013 15
2014 6
2015 3
2016 4
2017 3
2018 4
2019 29
2020 60
2021 2
2022 4
2023 16
2024 29
2025 1
2026 1
2027 7
2028 1
2029 6
2030 5
2031 2
2032 1
2033 2
2034 23
2035 66
2036 1
2037 159
2038 11
2039 2
2040 2
2041 22
2042 0
2043 5
2044 5
2045 0
2046 10
2047 2
2048 1
2049 6
2050 6
2051 2
2052 42
2053 18
2054 2
2055 13
2056 2
2057 8
2058 9
2059 2
2060 9
2061 3
2062 11
2063 0
2064 10
2065 8
2066 2
2067 6
2068 0
2069 22
2070 3
2071 41
2072 2
2073 1
2074 163
2075 20
2076 9
2077 1
2078 16
2079 8
2080 8
2081 5
2082 3
2083 3
2084 4
2085 1
2086 14
2087 0
2088 0
2089 7
2090 11
2091 12
2092 56
2093 2
2094 23
2095 0
2096 3
2097 1
2098 10
2099 8
2100 5
2101 3
2102 4
2103 13
2104 7
2105 41
2106 3
2107 109
2108 14
2109 4
2110 0
2111 1
2112 7
2113 4
2114 4
2115 3
2116 12
2117 1
2118 2
2119 85
2120 3
2121 10
2122 15
2123 2
2124 5
2125 57
2126 3
2127 0
2128 3
2129 9
2130 428
2131 50
2132 10
2133 6
2134 0
2135 3
2136 212
2137 6
2138 16
2139 1
2140 2
2141 9
2142 34
2143 4
2144 7
2145 3
2146 3
2147 23
2148 12
2149 2
2150 0
2151 1
2152 4
2153 0
2154 26
2155 5
2156 0
2157 6
2158 2
2159 5
2160 0
2161 2
2162 4
2163 3
2164 6
2165 25
2166 0
2167 21
2168 3
2169 180
2170 0
2171 31
2172 19
2173 7
2174 36
2175 0
2176 44
2177 5
2178 3
2179 9
2180 9
2181 3
2182 7
2183 1
2184 4
2185 0
2186 1
2187 3
2188 5
2189 4
2190 28
2191 29
2192 75
2193 2
2194 13
2195 3
2196 1
2197 6
2198 2
2199 1
2200 2
2201 0
2202 3
2203 0
2204 3
2205 2
2206 3
2207 8
2208 5
2209 1
2210 4
2211 44
2212 24
2213 1
2214 147
2215 10
2216 31
2217 7
2218 14
2219 91
2220 3
2221 10
2222 23
2223 44
2224 9
2225 2
2226 0
2227 34
2228 12
2229 1
2230 59
2231 4
2232 11
2233 0
2234 3
2235 1
2236 10
2237 1
2238 12
2239 10
2240 7
2241 18
2242 4
2243 10
2244 1
2245 0
2246 5
2247 23
2248 1
2249 1
2250 4
2251 5
2252 4
2253 13
2254 57
2255 8
2256 2
2257 5
2258 0
2259 3
2260 2
2261 0
2262 6
2263 3
2264 5
2265 16
2266 4
2267 0
2268 32
2269 1
2270 1
2271 2
2272 2
2273 0
2274 9
2275 9
2276 0
2277 12
2278 2
2279 26
2280 6
2281 0
2282 8
2283 4
2284 111
2285 44
2286 7
2287 0
2288 5
2289 4
2290 1
2291 4
2292 7
2293 2
2294 15
2295 7
2296 18
2297 9
2298 3
2299 19
2300 10
2301 0
2302 16
2303 13
2304 1
2305 7
2306 19
2307 2
2308 16
2309 5
2310 4
2311 0
2312 16
2313 10
2314 6
2315 1
2316 13
2317 13
2318 6
2319 1
2320 5
2321 4
2322 10
2323 3
2324 11
2325 6
2326 1
2327 5
2328 6
2329 5
2330 4
2331 1
2332 4
2333 405
2334 48
2335 0
2336 9
2337 22
2338 8
2339 1
2340 15
2341 7
2342 1
2343 1
2344 18
2345 3
2346 4
2347 21
2348 71
2349 20
2350 5
2351 4
2352 8
2353 7
2354 18
2355 2
2356 6
2357 32
2358 15
2359 4
2360 10
2361 13
2362 5
2363 39
2364 2
2365 133
2366 14
2367 0
2368 9
2369 16
2370 1
2371 7
2372 7
2373 121
2374 3
2375 8
2376 3
2377 3
2378 78
2379 337
2380 2
2381 0
2382 0
2383 63
2384 2
2385 15
2386 0
2387 1
2388 0
2389 2
2390 15
2391 76
2392 1
2393 2
2394 13
2395 3
2396 455
2397 36
2398 25
2399 0
2400 1
2401 2
2402 1
2403 40
2404 2
2405 16
2406 12
2407 2
2408 1
2409 53
2410 0
2411 3
2412 17
2413 31
2414 2
2415 0
2416 5
2417 5
2418 11
2419 5
2420 45
2421 3
2422 1
2423 1
2424 9
2425 2
2426 0
2427 171
2428 12
2429 24
2430 1
2431 5
2432 7
2433 18
2434 5
2435 4
2436 24
2437 40
2438 13
2439 224
2440 0
2441 18
2442 6
2443 3
2444 2
2445 24
2446 2
2447 2
2448 79
2449 8
2450 5
2451 12
2452 1
2453 32
2454 2
2455 5
2456 1
2457 11
2458 45
2459 1
2460 2
2461 10
2462 3
2463 4
2464 5
2465 4
2466 54
2467 1
2468 9
2469 2
2470 2
2471 0
2472 316
2473 6
2474 4
2475 0
2476 28
2477 4
2478 12
2479 30
2480 2
2481 1766
2482 18
2483 13
2484 7
2485 14
2486 1
2487 189
2488 2
2489 31
2490 13
2491 3
2492 0
2493 12
2494 1
2495 1
2496 7
2497 6
2498 14
2499 0
2500 0
2501 647
2502 2
2503 0
2504 22
2505 7
2506 2
2507 18
2508 80
2509 4
2510 8
2511 0
2512 68
2513 11
2514 1
2515 3
2516 1
2517 2
2518 11
2519 14
2520 46
2521 1
2522 8
2523 10
2524 4
2525 264
2526 17
2527 17
2528 4
2529 100
2530 12
2531 9
2532 16
2533 9
2534 3
2535 13
2536 8
2537 667
2538 21
2539 2
2540 98
2541 1
2542 3
2543 3
2544 9
2545 5
2546 4
2547 0
2548 2
2549 17
2550 11
2551 29
2552 1
2553 26
2554 5
2555 15
2556 26
2557 9
2558 0
2559 52
2560 5
2561 15
2562 73
2563 13
2564 1
2565 1
2566 1
2567 2
2568 0
2569 7
2570 3
2571 79
2572 47
2573 2
2574 4
2575 3
2576 5
2577 12
2578 17
2579 2
2580 11
2581 0
2582 14
2583 5
2584 4
2585 141
2586 6
2587 140
2588 42
2589 1
2590 4
2591 11
2592 4
2593 1
2594 3
2595 10
2596 21
2597 3
2598 83
2599 3
2600 89
2601 5
2602 29
2603 1
2604 9
2605 1
2606 413
2607 4
2608 1
2609 4
2610 6
2611 11
2612 193
2613 1
2614 23
2615 0
2616 4
2617 6
2618 18
2619 1
2620 3
2621 8
2622 8
2623 3
2624 4
2625 41
2626 7
2627 1
2628 17
2629 3
2630 0
2631 4
2632 8
2633 7
2634 30
2635 5
2636 1
2637 0
2638 15
2639 1
2640 15
2641 9
2642 5
2643 1
2644 11
2645 12
2646 20
2647 163
2648 3
2649 7
2650 17
2651 4
2652 5
2653 3
2654 121
2655 2
2656 3
2657 1
2658 3
2659 25
2660 2
2661 0
2662 81
2663 44
2664 10
2665 1
2666 2
2667 5
2668 50
2669 3
2670 4
2671 34
2672 4
2673 0
2674 51
2675 2
2676 28
2677 8
2678 0
2679 1
2680 2
2681 30
2682 17
2683 5
2684 58
2685 8
2686 2
2687 2
2688 222
2689 10
2690 2
2691 1
2692 5
2693 2
2694 362
2695 10
2696 23
2697 0
2698 36
2699 16
2700 9
2701 2
2702 5
2703 10
2704 34
2705 0
2706 3
2707 1
2708 3
2709 7
2710 1
2711 2
2712 0
2713 1
2714 6
2715 50
2716 1
2717 16
2718 1
2719 5
2720 8
2721 3
2722 9
2723 6
2724 13
2725 3
2726 5
2727 2
2728 3
2729 6
2730 5
2731 0
2732 1
2733 35
2734 7
2735 6
2736 138
2737 17
2738 5
2739 18
2740 44
2741 3
2742 13
2743 1
2744 19
2745 12
2746 4
2747 3
2748 0
2749 1
2750 1
2751 6
2752 71
2753 3
2754 23
2755 0
2756 25
2757 0
2758 4
2759 222
2760 9
2761 2
2762 37
2763 2
2764 2
2765 8
2766 11
2767 110
2768 7
2769 20
2770 8
2771 2
2772 29
2773 3
2774 7
2775 53
2776 0
2777 9
2778 1
2779 11
2780 51
2781 6
2782 5
2783 5
2784 0
2785 57
2786 0
2787 1
2788 5
2789 15
2790 23
2791 6
2792 1
2793 4
2794 28
2795 0
2796 11
2797 10
2798 58
2799 18
2800 6
2801 4
2802 4
2803 0
2804 28
2805 0
2806 21
2807 5
2808 31
2809 5
2810 0
2811 2
2812 17
2813 0
2814 9
2815 7
2816 13
2817 0
2818 0
2819 17
2820 1
2821 5
2822 3
2823 1
2824 9
2825 0
2826 17
2827 4
2828 16
2829 188
2830 1
2831 3
2832 26
2833 1
2834 8
2835 2
2836 3
2837 7
2838 0
2839 8
2840 0
2841 6
2842 0
2843 39
2844 182
2845 7
2846 3
2847 1
2848 9
2849 16
2850 8
2851 4
2852 4
2853 3
2854 8
2855 5
2856 37
2857 0
2858 70
2859 1
2860 2
2861 6
2862 2
2863 5
2864 18
2865 17
2866 307
2867 0
2868 11
2869 4
2870 3
2871 9
2872 16
2873 1
2874 12
2875 12
2876 14
2877 149
2878 14
2879 10
2880 4
2881 3
2882 14
2883 4
2884 40
2885 0
2886 0
2887 8
2888 7
2889 4
2890 0
2891 24
2892 5
2893 2
2894 11
2895 1
2896 4
2897 2
2898 2
2899 2
2900 2
2901 5
2902 2
2903 4
2904 50
2905 5
2906 5
2907 44
2908 48
2909 3
2910 39
2911 1
2912 2
2913 1
2914 2
2915 32
2916 30
2917 5
2918 3
2919 1
2920 4
2921 502
2922 3
2923 1
2924 5
2925 20
2926 23
2927 2
2928 0
2929 0
2930 0
2931 2
2932 2
2933 1
2934 6
2935 4
2936 2
2937 4
2938 13
2939 2
2940 33
2941 72
2942 0
2943 9
2944 3
2945 2
2946 15
2947 8
2948 8
2949 1
2950 2
2951 4
2952 1
2953 2
2954 0
2955 6
2956 3
2957 11
2958 5
2959 143
2960 0
2961 17
2962 2
2963 9
2964 3
2965 2
2966 2
2967 2
2968 2
2969 6
2970 7
2971 7
2972 4
2973 5
2974 3
2975 27
2976 5
2977 44
2978 8
2979 4
2980 0
2981 4
2982 2
2983 2
2984 3
2985 1
2986 9
2987 9
2988 8
2989 3
2990 96
2991 6
2992 19
2993 5
2994 0
2995 25
2996 11
2997 5
2998 9
2999 22
3000 4
3001 1
3002 7
3003 3
3004 0
3005 19
3006 3
3007 4
3008 20
3009 6
3010 0
3011 4
3012 3
3013 18
3014 2
3015 4
3016 0
3017 1
3018 12
3019 4
3020 13
3021 0
3022 65
3023 0
3024 3
3025 16
3026 20
3027 3
3028 0
3029 2
3030 9
3031 9
3032 4
3033 1
3034 13
3035 0
3036 5
3037 0
3038 1
3039 1
3040 0
3041 6
3042 2
3043 5
3044 3
3045 0
3046 0
3047 34
3048 40
3049 1
3050 1
3051 1297
3052 0
3053 3
3054 3
3055 2
3056 0
3057 8
3058 1
3059 3
3060 0
3061 2
3062 0
3063 8
3064 0
3065 11
3066 149
3067 19
3068 21
3069 2
3070 3
3071 0
3072 4
3073 10
3074 0
3075 10
3076 2
3077 0
3078 1
3079 1
3080 15
3081 21
3082 9
3083 2
3084 10
3085 9
3086 1
3087 0
3088 150
3089 3
3090 2
3091 1
3092 3
3093 0
3094 5
3095 13
3096 28
3097 53
3098 33
3099 4
3100 9
3101 5
3102 6
3103 12
3104 8
3105 0
3106 23
3107 5
3108 4
3109 7
3110 1
3111 13
3112 0
3113 0
3114 7
3115 5
3116 253
3117 340
3118 0
3119 1
3120 14
3121 7
3122 1059
3123 1000
3124 5
3125 0
3126 8
3127 8
3128 6
3129 1
3130 13
3131 16
3132 23
3133 10
3134 3
3135 9
3136 6
3137 38
3138 6
3139 780
3140 1
3141 23
3142 2
3143 26
3144 5
3145 3
3146 21
3147 2
3148 12
3149 1
3150 3
3151 15
3152 0
3153 12
3154 1
3155 0
3156 3
3157 1
3158 6
3159 583
3160 5
3161 10
3162 1
3163 3
3164 45
3165 19
3166 4
3167 128
3168 4
3169 40
3170 18
3171 1
3172 0
3173 5
3174 13
3175 22
3176 0
3177 14
3178 11
3179 2
3180 0
3181 1
3182 34
3183 3
3184 7
3185 1
3186 0
3187 21
3188 6
3189 1010
3190 0
3191 0
3192 13
3193 2
3194 2
3195 20
3196 258
3197 3
3198 4
3199 1
3200 6
3201 16
3202 11
3203 16
3204 3
3205 177
3206 0
3207 3
3208 35
3209 0
3210 1
3211 275
3212 3
3213 27
3214 10
3215 20
3216 1
3217 1
3218 27
3219 6
3220 0
3221 1
3222 54
3223 4
3224 3
3225 5
3226 3
3227 17
3228 2
3229 4
3230 7
3231 34
3232 0
3233 6
3234 2
3235 5
3236 23
3237 4
3238 7
3239 9
3240 22
3241 3
3242 1
3243 5
3244 2
3245 22
3246 4
3247 4
3248 2
3249 5
3250 1
3251 15
3252 7
3253 1
3254 1
3255 13
3256 141
3257 8
3258 42
3259 6
3260 12
3261 63
3262 4
3263 19
3264 6
3265 4
3266 68
3267 5
3268 7
3269 34
3270 32
3271 0
3272 8
3273 8
3274 0
3275 22
3276 5
3277 2
3278 0
3279 16
3280 9
3281 4
3282 5
3283 9
3284 15
3285 67
3286 50
3287 1
3288 11
3289 2
3290 5
3291 21
3292 25
3293 9
3294 6
3295 3
3296 5
3297 17
3298 2
3299 8
3300 16
3301 7
3302 0
3303 1
3304 123
3305 14
3306 0
3307 2
3308 970
3309 6
3310 7
3311 4
3312 150
3313 147
3314 2307
3315 4
3316 6
3317 7
3318 1
3319 12
3320 7
3321 6
3322 12
3323 13
3324 5
3325 1474
3326 9
3327 3
3328 5
3329 6
3330 4
3331 20
3332 22
3333 12
3334 3
3335 14
3336 2
3337 114
3338 0
3339 3
3340 5
3341 5
3342 2
3343 3
3344 2
3345 3
3346 36
3347 4
3348 1
3349 3
3350 198
3351 40
3352 3
3353 10
3354 8
3355 4
3356 20
3357 357
3358 1
3359 26
3360 32
3361 11
3362 16
3363 9
3364 3
3365 2546
3366 16
3367 137
3368 2
3369 35
3370 808
3371 1770
3372 0
3373 10
3374 5
3375 36
3376 0
3377 2
3378 4
3379 34
3380 19
3381 4
3382 3
3383 54
3384 75
3385 9
3386 0
3387 121
3388 5
3389 0
3390 15
3391 15
3392 2
3393 5
3394 12
3395 5
3396 3
3397 0
3398 31
3399 4
3400 1
3401 3
3402 2
3403 6
3404 4
3405 3
3406 4
3407 2
3408 1
3409 1
3410 18
3411 2
3412 1
3413 4
3414 5
3415 60
3416 5
3417 4
3418 174
3419 9
3420 8
3421 3
3422 2
3423 9
3424 0
3425 16
3426 6
3427 1
3428 1
3429 40
3430 13
3431 5
3432 403
3433 1
3434 20
3435 11
3436 2
3437 9
3438 5
3439 7
3440 8
3441 24
3442 26
3443 2
3444 194
3445 7
3446 82
3447 40
3448 15
3449 3
3450 17
3451 11
3452 1
3453 2
3454 3
3455 7
3456 54
3457 6
3458 0
3459 45
3460 17
3461 3
3462 0
3463 6
3464 2
3465 2
3466 1
3467 3
3468 32
3469 8
3470 4
3471 26
3472 2
3473 7
3474 79
3475 5
3476 21
3477 5
3478 7
3479 0
3480 556
3481 5
3482 0
3483 32
3484 2
3485 15
3486 0
3487 1
3488 1
3489 31
3490 26
3491 3
3492 212
3493 1
3494 1
3495 5
3496 9
3497 22
3498 7
3499 3
3500 623
3501 21
3502 3
3503 4
3504 109
3505 7
3506 13
3507 27
3508 116
3509 14
3510 2
3511 65
3512 5
3513 29
3514 11
3515 54
3516 8
3517 0
3518 71
3519 5
3520 10
3521 453
3522 13
3523 2
3524 4
3525 5
3526 0
3527 2
3528 4
3529 1
3530 4
3531 4
3532 10
3533 3
3534 1
3535 5
3536 5
3537 5
3538 1
3539 22
3540 0
3541 5
3542 69
3543 4102
3544 11
3545 2
3546 0
3547 1
3548 1
3549 5
3550 2
3551 899
3552 7
3553 11
3554 2
3555 432
3556 23
3557 2
3558 4
3559 1
3560 89
3561 3
3562 11
3563 1
3564 5
3565 11
3566 0
3567 10
3568 8
3569 82
3570 3
3571 6
3572 3
3573 6
3574 0
3575 26
3576 5
3577 1
3578 0
3579 2
3580 9
3581 13
3582 1
3583 5
3584 1
3585 5
3586 11
3587 56
3588 1
3589 1
3590 3
3591 0
3592 12
3593 7
3594 4
3595 3
3596 7
3597 0
3598 5
3599 3
3600 3
3601 2
3602 31
3603 4
3604 1
3605 5
3606 3
3607 7
3608 115
3609 8
3610 1
3611 2
3612 10
3613 23
3614 49
3615 2
3616 3
3617 0
3618 6
3619 0
3620 4
3621 1
3622 18
3623 78
3624 21
3625 11
3626 5
3627 7
3628 10
3629 10
3630 14
3631 2
3632 0
3633 7
3634 3
3635 80
3636 0
3637 187
3638 102
3639 5
3640 7
3641 86
3642 1
3643 158
3644 1
3645 0
3646 8
3647 2
3648 0
3649 74
3650 5
3651 23
3652 0
3653 1
3654 4
3655 80
3656 4
3657 15
3658 0
3659 0
3660 3
3661 7
3662 2
3663 39
3664 22
3665 12
3666 75
3667 14
3668 23
3669 16
3670 23
3671 4
3672 2
3673 23
3674 6
3675 0
3676 599
3677 7
3678 8
3679 2
3680 4
3681 0
3682 23
3683 12
3684 2
3685 178
3686 4
3687 10
3688 1
3689 1
3690 2
3691 14
3692 13
3693 0
3694 3
3695 2
3696 10
3697 36
3698 11
3699 3
3700 22
3701 21
3702 17
3703 58
3704 11
3705 60
3706 1
3707 3715
3708 1
3709 2
3710 12
3711 2
3712 5
3713 7
3714 1
3715 9
3716 5
3717 4
3718 8
3719 14
3720 0
3721 1
3722 11
3723 1
3724 0
3725 14
3726 6
3727 12
3728 5
3729 0
3730 2
3731 3
3732 32
3733 5
3734 1
3735 5
3736 0
3737 4
3738 0
3739 322
3740 4
3741 1
3742 110
3743 60
3744 5
3745 33
3746 17
3747 200
3748 7
3749 7
3750 0
3751 3
3752 4
3753 6
3754 1
3755 16
3756 1
3757 35
3758 3
3759 19
3760 2
3761 24
3762 70
3763 0
3764 0
3765 1
3766 1
3767 3
3768 1
3769 3
3770 11
3771 0
3772 20
3773 65
3774 7
3775 101
3776 17
3777 3
3778 3
3779 3
3780 8
3781 0
3782 16
3783 9
3784 8
3785 41
3786 36
3787 11
3788 3
3789 1
3790 192
3791 7
3792 116
3793 16
3794 32
3795 28
3796 4
3797 8
3798 6
3799 32
3800 6
3801 14
3802 43
3803 5
3804 8
3805 2
3806 98
3807 46
3808 5
3809 2
3810 4
3811 2
3812 5
3813 4
3814 19
3815 5
3816 3
3817 373
3818 6
3819 3
3820 7
3821 2
3822 41
3823 1848
3824 1
3825 11
3826 3
3827 2
3828 50
3829 6
3830 4
3831 2
3832 1
3833 10
3834 2
3835 3
3836 60
3837 2
3838 1
3839 0
3840 348
3841 1
3842 26
3843 4
3844 3
3845 10
3846 2
3847 10
3848 8
3849 12
3850 1
3851 10
3852 12
3853 0
3854 85
3855 1
3856 22
3857 1
3858 1
3859 11
3860 5
3861 1
3862 1
3863 11
3864 32
3865 1
3866 57
3867 3
3868 5
3869 2
3870 11
3871 1
3872 3
3873 3
3874 20
3875 135
3876 2
3877 157
3878 15
3879 42
3880 42
3881 0
3882 100
3883 3
3884 104
3885 2
3886 28
3887 1
3888 2
3889 140
3890 39
3891 47
3892 4
3893 15
3894 8
3895 14
3896 5
3897 9
3898 1
3899 47
3900 23
3901 2
3902 5
3903 19
3904 22
3905 0
3906 15
3907 1
3908 2
3909 27
3910 36
3911 0
3912 2
3913 3
3914 3
3915 2
3916 7
3917 1
3918 7
3919 3
3920 18
3921 0
3922 0
3923 7
3924 3
3925 3
3926 2
3927 10
3928 16
3929 15
3930 48
3931 41
3932 9
3933 3
3934 6
3935 16
3936 15
3937 4
3938 21
3939 7
3940 549
3941 202
3942 2
3943 4
3944 5
3945 16
3946 5
3947 4
3948 10
3949 12
3950 1
3951 9
3952 465
3953 26
3954 0
3955 7
3956 0
3957 23
3958 1
3959 6
3960 222
3961 0
3962 0
3963 3
3964 39
3965 9
3966 0
3967 140
3968 1
3969 1
3970 0
3971 11
3972 3
3973 36
3974 18
3975 2
3976 12
3977 2
3978 8
3979 9
3980 28
3981 138
3982 29
3983 0
3984 6
3985 7
3986 2
3987 5
3988 19
3989 26
3990 45
3991 9
3992 0
3993 4
3994 15
3995 2
3996 24
3997 2
3998 10
3999 8
4000 53
4001 23
4002 2
4003 18
4004 42
4005 6
4006 3
4007 1
4008 0
4009 1
4010 11
4011 3
4012 8
4013 7
4014 3
4015 27
4016 5
4017 36
4018 0
4019 9
4020 33
4021 164
4022 6
4023 1
4024 2
4025 80
4026 0
4027 6
4028 0
4029 9
4030 2
4031 27
4032 44
4033 2
4034 3
4035 25
4036 5
4037 0
4038 38
4039 1
4040 1
4041 3
4042 3
4043 6
4044 2
4045 5
4046 6
4047 7
4048 3
4049 662
4050 1
4051 5
4052 0
4053 1
4054 28
4055 9
4056 4
4057 9
4058 1
4059 1
4060 1
4061 1
4062 5
4063 3
4064 15
4065 15
4066 23
4067 4
4068 10
4069 1
4070 539
4071 42
4072 5
4073 4
4074 6
4075 7
4076 2
4077 11
4078 1
4079 34
4080 14
4081 7
4082 9
4083 2
4084 7
4085 2
4086 17
4087 251
4088 83
4089 1
4090 1
4091 69
4092 5
4093 23
4094 46
4095 6
4096 11
4097 6
4098 4
4099 4
4100 2
4101 12
4102 2
4103 60
4104 6
4105 4
4106 1
4107 0
4108 81
4109 4
4110 3
4111 5
4112 0
4113 0
4114 3
4115 21
4116 5
4117 6
4118 19
4119 5
4120 4
4121 24
4122 0
4123 1
4124 2
4125 18
4126 21
4127 10
4128 0
4129 0
4130 0
4131 0
4132 2
4133 1
4134 7
4135 1
4136 21
4137 0
4138 9
4139 119
4140 6
4141 2
4142 63
4143 2
4144 0
4145 5
4146 1
4147 55
4148 5
4149 44
4150 1
4151 12
4152 0
4153 9
4154 9
4155 16
4156 14
4157 2
4158 27
4159 2
4160 4
4161 5
4162 9
4163 0
4164 21
4165 4
4166 8
4167 142
4168 19
4169 6
4170 1
4171 2
4172 1
4173 3
4174 12
4175 5
4176 2
4177 3
4178 10
4179 10
4180 7
4181 10
4182 22
4183 9
4184 2
4185 10
4186 35
4187 28
4188 3
4189 13
4190 0
4191 4
4192 0
4193 41
4194 9
4195 5
4196 2
4197 30
4198 2
4199 45
4200 1
4201 0
4202 0
4203 7
4204 3
4205 34
4206 26
4207 25
4208 1
4209 4
4210 1
4211 7
4212 0
4213 5
4214 22
4215 0
4216 5
4217 8
4218 0
4219 3
4220 9
4221 32
4222 0
4223 8
4224 15
4225 1
4226 3
4227 88
4228 210
4229 8
4230 44
4231 85
4232 28
4233 3
4234 2
4235 15
4236 15
4237 7
4238 5
4239 4
4240 1
4241 3
4242 7
4243 1
4244 2
4245 15
4246 9
4247 29
4248 89
4249 11
4250 4
4251 16
4252 43
4253 30
4254 0
4255 2
4256 0
4257 4
4258 9
4259 16
4260 13
4261 5
4262 6
4263 1
4264 7
4265 36
4266 3
4267 829
4268 59
4269 4
4270 202
4271 1
4272 17
4273 2
4274 14
4275 3
4276 47
4277 4
4278 0
4279 5
4280 1
4281 5
4282 212
4283 0
4284 77
4285 1
4286 3
4287 22
4288 112
4289 0
4290 8
4291 2
4292 27
4293 31
4294 8
4295 5
4296 1
4297 149
4298 5
4299 5
4300 13
4301 3
4302 3
4303 2
4304 13
4305 14
4306 4
4307 13
4308 6
4309 0
4310 5
4311 2
4312 14
4313 4
4314 12
4315 5
4316 0
4317 3
4318 2
4319 6
4320 33
4321 8
4322 1
4323 2
4324 6
4325 4
4326 270
4327 2
4328 1
4329 6
4330 0
4331 63
4332 0
4333 20
4334 3
4335 22
4336 4
4337 9
4338 3
4339 7
4340 55
4341 17
4342 26
4343 4
4344 18
4345 32
4346 13
4347 1
4348 2
4349 63
4350 6
4351 21
4352 3
4353 10
4354 1
4355 5
4356 3
4357 3
4358 1
4359 12
4360 2
4361 32
4362 16
4363 33
4364 8
4365 68
4366 5
4367 22
4368 1
4369 2
4370 3
4371 0
4372 4
4373 4
4374 4
4375 0
4376 0
4377 2
4378 6
4379 3
4380 3
4381 81
4382 1
4383 26
4384 14
4385 1
4386 10
4387 1
4388 20
4389 3
4390 1
4391 2
4392 8
4393 8
4394 1
4395 0
4396 7
4397 23
4398 28
4399 0
4400 0
4401 2
4402 3
4403 0
4404 24
4405 9
4406 3
4407 4
4408 1
4409 29
4410 22
4411 10
4412 1
4413 5
4414 0
4415 2
4416 0
4417 20
4418 1
4419 1
4420 2
4421 24
4422 32
4423 22
4424 16
4425 7
4426 4
4427 2
4428 36
4429 1
4430 52
4431 3
4432 6
4433 46
4434 5
4435 7
4436 2
4437 84
4438 0
4439 6
4440 0
4441 2
4442 16
4443 0
4444 5
4445 53
4446 10
4447 3
4448 5
4449 18
4450 5
4451 20
4452 2
4453 3
4454 3
4455 156
4456 24
4457 4
4458 25
4459 1
4460 137
4461 0
4462 76
4463 2
4464 9
4465 12
4466 17
4467 19
4468 8
4469 47
4470 9
4471 4
4472 13
4473 5
4474 6
4475 4
4476 1
4477 2
4478 4
4479 0
4480 9
4481 3
4482 30
4483 0
4484 7
4485 0
4486 144
4487 3
4488 9
4489 1
4490 280
4491 3
4492 41
4493 8
4494 1
4495 1
4496 2
4497 0
4498 2
4499 29
4500 21
4501 6
4502 1
4503 2
4504 12
4505 24
4506 4
4507 5
4508 2
4509 13
4510 24
4511 1
4512 2
4513 0
4514 5
4515 6
4516 8
4517 7
4518 2
4519 3
4520 4
4521 0
4522 0
4523 35
4524 36
4525 2
4526 8
4527 30
4528 114
4529 10
4530 7
4531 0
4532 1
4533 0
4534 2
4535 4
4536 0
4537 2
4538 31
4539 16
4540 5
4541 2
4542 10
4543 0
4544 21
4545 120
4546 11
4547 2
4548 1
4549 7
4550 12
4551 2
4552 29
4553 5
4554 2
4555 16
4556 1
4557 0
4558 0
4559 5
4560 0
4561 26
4562 8
4563 1
4564 55
4565 1
4566 1
4567 3
4568 9
4569 1
4570 238
4571 18
4572 5
4573 21
4574 10
4575 40
4576 4
4577 4
4578 6
4579 5
4580 3
4581 3
4582 5
4583 3
4584 5
4585 1
4586 2
4587 2
4588 16
4589 6
4590 0
4591 2
4592 2
4593 2
4594 3
4595 12
4596 1
4597 30
4598 3
4599 12
4600 1
4601 10
4602 1
4603 13
4604 21
4605 15
4606 2
4607 2
4608 1
4609 22
4610 6
4611 3
4612 15
4613 9
4614 5
4615 1
4616 230
4617 1
4618 3
4619 1
4620 15
4621 1
4622 6
4623 4
4624 9
4625 11
4626 2
4627 56
4628 0
4629 18
4630 9
4631 18
4632 16
4633 5
4634 3
4635 6
4636 3
4637 16
4638 0
4639 0
4640 11
4641 2
4642 6
4643 5
4644 44
4645 6
4646 7
4647 13
4648 1
4649 3
4650 6
4651 101
4652 37
4653 8
4654 26
4655 12
4656 11
4657 1
4658 3
4659 2
4660 12
4661 18
4662 17
4663 92
4664 0
4665 17
4666 1
4667 4
4668 3
4669 3
4670 21
4671 25
4672 8
4673 10
4674 5
4675 4
4676 17
4677 1
4678 8
4679 3
4680 1
4681 1
4682 2
4683 23
4684 9
4685 14
4686 3
4687 1
4688 1
4689 6
4690 10
4691 5
4692 6
4693 23
4694 0
4695 3
4696 9
4697 21
4698 12
4699 4
4700 40
4701 1
4702 11
4703 32
4704 8
4705 0
4706 3
4707 2
4708 13
4709 0
4710 1
4711 6
4712 0
4713 22
4714 16
4715 0
4716 6
4717 19
4718 0
4719 7
4720 7
4721 7
4722 7
4723 1
4724 139
4725 1
4726 2
4727 2
4728 10
4729 17
4730 1
4731 0
4732 5
4733 20
4734 1318
4735 1
4736 2
4737 9
4738 46
4739 14
4740 1
4741 1
4742 1
4743 11
4744 16
4745 10
4746 9
4747 14
4748 6
4749 0
4750 2
4751 0
4752 4
4753 18
4754 3
4755 30
4756 12
4757 2
4758 5
4759 6
4760 6
4761 0
4762 11
4763 3
4764 3
4765 25
4766 0
4767 139
4768 0
4769 50
4770 6
4771 8
4772 4
4773 0
4774 81
4775 27
4776 196
4777 31
4778 13
4779 79
4780 3
4781 23
4782 14
4783 6
4784 5
4785 5
4786 1
4787 0
4788 0
4789 0
4790 5
4791 6
4792 1
4793 0
4794 63
4795 11
4796 16
4797 8
4798 4
4799 9
4800 1
4801 7589
4802 1
4803 2
4804 6
4805 0
4806 46
4807 0
4808 6
4809 7
4810 9
4811 3
4812 3
4813 4
4814 12
4815 3
4816 10
4817 4
4818 0
4819 3
4820 442
4821 3
4822 0
4823 7
4824 23
4825 12
4826 16
4827 3
4828 6
4829 14
4830 50
4831 2
4832 6
4833 27
4834 7
4835 2
4836 115
4837 4
4838 7
4839 1247
4840 10
4841 2
4842 8
4843 1
4844 26
4845 6
4846 0
4847 5
4848 2
4849 12
4850 74
4851 0
4852 93
4853 3
4854 8
4855 3
4856 4
4857 10
4858 1
4859 5
4860 1
4861 2
4862 11
4863 0
4864 4
4865 0
4866 4
4867 6
4868 10
4869 3
4870 0
4871 10
4872 2
4873 1
4874 2
4875 0
4876 6
4877 1
4878 52
4879 9
4880 0
4881 40
4882 9
4883 7
4884 142
4885 2
4886 1
4887 5
4888 4
4889 95
4890 8
4891 17
4892 9
4893 64
4894 12
4895 2
4896 18
4897 2
4898 3
4899 7
4900 15
4901 9
4902 0
4903 3
4904 5
4905 9
4906 7
4907 8
4908 8
4909 21
4910 6
4911 10
4912 7
4913 10
4914 9
4915 12
4916 2
4917 22
4918 2
4919 14
4920 15
4921 0
4922 30
4923 0
4924 4
4925 26
4926 11
4927 7
4928 3
4929 2
4930 9
4931 72
4932 5
4933 0
4934 4
4935 111
4936 2
4937 11
4938 8
4939 0
4940 243
4941 1
4942 13
4943 3
4944 5
4945 1
4946 4
4947 1
4948 6
4949 34
4950 1
4951 6
4952 19
4953 1
4954 1
4955 2
4956 50
4957 3
4958 1
4959 12
4960 2
4961 10
4962 2
4963 2
4964 3
4965 1
4966 1
4967 21
4968 40
4969 20
4970 12
4971 1
4972 7
4973 12
4974 27
4975 1
4976 2
4977 0
4978 6
4979 5
4980 0
4981 15
4982 13
4983 0
4984 2
4985 0
4986 10
4987 2
4988 79
4989 0
4990 5
4991 263
4992 3
4993 31
4994 1
4995 7
4996 15
4997 2
4998 4
4999 4
