0 0
1 1
2 0
3 0
4 0
5 2
6 0
7 0
8 0
9 0
10 0
11 0
12 1
13 0
14 0
15 1
16 0
17 1
18 0
19 1
20 0
21 1
22 0
23 1
24 3
25 1
26 0
27 1
28 0
29 0
30 2
31 0
32 3
33 0
34 2
35 0
36 1
37 0
38 0
39 0
40 1
41 0
42 0
43 2
44 0
45 1
46 1
47 0
48 2
49 1
50 1
51 1
52 2
53 1
54 2
55 2
56 4
57 1
58 1
59 0
60 0
61 0
62 0
63 0
64 2
65 3
66 3
67 2
68 1
69 2
70 2
71 1
72 0
73 1
74 2
75 2
76 1
77 2
78 3
79 1
80 1
81 2
82 2
83 1
84 4
85 2
86 1
87 1
88 4
89 0
90 0
91 0
92 0
93 0
94 2
95 2
96 2
97 2
98 1
99 1
100 2
101 1
102 1
103 2
104 0
105 1
106 0
107 0
108 1
109 1
110 1
111 1
112 1
113 0
114 1
115 2
116 5
117 1
118 2
119 0
120 0
121 0
122 1
123 0
124 0
125 1
126 0
127 1
128 2
129 0
130 0
131 0
132 4
133 0
134 0
135 0
136 2
137 0
138 0
139 2
140 1
141 0
142 2
143 0
144 0
145 2
146 0
147 0
148 3
149 5
150 1
151 3
152 1
153 1
154 2
155 1
156 2
157 0
158 1
159 0
160 1
161 3
162 0
163 0
164 2
165 0
166 0
167 1
168 0
169 0
170 1
171 2
172 1
173 0
174 0
175 0
176 2
177 0
178 0
179 3
180 0
181 0
182 0
183 1
184 1
185 0
186 0
187 1
188 2
189 0
190 3
191 1
192 0
193 1
194 1
195 0
196 0
197 2
198 1
199 0
200 2
201 0
202 0
203 0
204 3
205 0
206 2
207 1
208 0
209 0
210 0
211 1
212 0
213 0
214 1
215 0
216 1
217 1
218 0
219 0
220 1
221 2
222 2
223 1
224 0
225 1
226 2
227 2
228 1
229 1
230 1
231 2
232 0
233 1
234 1
235 0
236 0
237 0
238 0
239 2
240 1
241 2
242 2
243 1
244 0
245 1
246 0
247 1
248 0
249 1
250 0
251 0
252 1
253 0
254 0
255 0
256 0
257 1
258 2
259 1
260 1
261 2
262 1
263 1
264 0
265 0
266 2
267 1
268 1
269 2
270 1
271 1
272 1
273 0
274 0
275 0
276 0
277 1
278 0
279 0
280 2
281 1
282 1
283 1
284 2
285 0
286 1
287 0
288 1
289 1
290 1
291 0
292 0
293 1
294 0
295 0
296 1
297 1
298 0
299 0
300 1
301 1
302 0
303 1
304 2
305 2
306 1
307 0
308 2
309 2
310 3
311 0
312 1
313 2
314 0
315 0
316 0
317 0
318 1
319 0
320 1
321 2
322 1
323 1
324 0
325 1
326 0
327 0
328 0
329 1
330 1
331 1
332 0
333 2
334 0
335 1
336 2
337 1
338 0
339 0
340 1
341 1
342 0
343 2
344 1
345 1
346 0
347 1
348 1
349 0
350 0
351 1
352 1
353 1
354 0
355 2
356 0
357 0
358 1
359 1
360 0
361 2
362 3
363 2
364 1
365 2
366 2
367 1
368 0
369 1
370 3
371 2
372 3
373 0
374 1
375 2
376 1
377 2
378 1
379 1
380 0
381 0
382 0
383 2
384 1
385 0
386 0
387 1
388 0
389 0
390 1
391 0
392 1
393 2
394 0
395 1
396 1
397 1
398 3
399 2
400 0
401 2
402 1
403 0
404 1
405 1
406 0
407 0
408 0
409 1
410 2
411 0
412 0
413 0
414 0
415 0
416 1
417 1
418 0
419 1
420 1
421 1
422 2
423 0
424 0
425 2
426 0
427 0
428 0
429 0
430 1
431 3
432 1
433 3
434 2
435 4
436 1
437 2
438 0
439 3
440 0
441 0
442 1
443 0
444 2
445 1
446 1
447 0
448 1
449 0
450 2
451 0
452 0
453 0
454 1
455 1
456 1
457 2
458 0
459 1
460 0
461 0
462 0
463 2
464 0
465 0
466 1
467 1
468 0
469 0
470 2
471 1
472 1
473 0
474 1
475 0
476 0
477 0
478 1
479 1
480 2
481 1
482 1
483 0
484 1
485 0
486 1
487 2
488 0
489 0
490 1
491 0
492 0
493 0
494 1
495 0
496 0
497 0
498 3
499 0
500 1
501 1
502 0
503 2
504 2
505 0
506 0
507 2
508 2
509 2
510 0
511 0
512 1
513 3
514 0
515 2
516 1
517 1
518 3
519 1
520 0
521 0
522 1
523 0
524 1
525 1
526 1
527 1
528 1
529 1
530 1
531 0
532 0
533 0
534 0
535 2
536 1
537 0
538 1
539 1
540 1
541 1
542 0
543 0
544 1
545 0
546 0
547 0
548 1
549 0
550 1
551 0
552 2
553 1
554 1
555 0
556 2
557 1
558 0
559 0
560 0
561 1
562 0
563 0
564 0
565 1
566 0
567 2
568 2
569 0
570 1
571 2
572 1
573 0
574 0
575 0
576 3
577 1
578 1
579 0
580 1
581 0
582 2
583 0
584 3
585 1
586 1
587 1
588 2
589 0
590 0
591 1
592 0
593 0
594 0
595 3
596 0
597 0
598 3
599 0
600 1
601 0
602 1
603 0
604 1
605 0
606 2
607 0
608 1
609 0
610 1
611 0
612 0
613 0
614 1
615 0
616 1
617 0
618 0
619 0
620 0
621 0
622 1
623 1
624 1
625 0
626 1
627 0
628 2
629 1
630 0
631 0
632 0
633 0
634 1
635 1
636 0
637 2
638 1
639 0
640 0
641 3
642 0
643 1
644 1
645 0
646 0
647 0
648 0
649 0
650 1
651 0
652 1
653 1
654 1
655 1
656 0
657 0
658 0
659 1
660 2
661 0
662 0
663 0
664 0
665 0
666 0
667 2
668 1
669 1
670 1
671 0
672 0
673 1
674 1
675 1
676 1
677 1
678 1
679 0
680 0
681 0
682 2
683 0
684 2
685 1
686 0
687 1
688 1
689 0
690 1
691 0
692 0
693 1
694 2
695 0
696 1
697 1
698 1
699 1
700 0
701 0
702 0
703 3
704 2
705 1
706 1
707 0
708 0
709 2
710 0
711 1
712 1
713 0
714 3
715 2
716 1
717 3
718 0
719 0
720 4
721 1
722 0
723 1
724 1
725 1
726 1
727 1
728 1
729 2
730 2
731 0
732 1
733 0
734 1
735 0
736 0
737 1
738 0
739 1
740 0
741 1
742 0
743 1
744 1
745 1
746 2
747 2
748 0
749 0
750 0
751 0
752 0
753 1
754 3
755 2
756 0
757 0
758 0
759 3
760 1
761 0
762 0
763 1
764 1
765 0
766 0
767 1
768 2
769 0
770 1
771 1
772 5
773 1
774 0
775 1
776 0
777 1
778 0
779 1
780 0
781 1
782 1
783 1
784 0
785 1
786 1
787 1
788 1
789 0
790 1
791 0
792 1
793 0
794 0
795 1
796 2
797 0
798 0
799 0
800 0
801 0
802 2
803 0
804 0
805 1
806 2
807 0
808 2
809 0
810 0
811 1
812 2
813 1
814 0
815 1
816 0
817 1
818 0
819 1
820 0
821 1
822 0
823 3
824 1
825 0
826 1
827 3
828 0
829 3
830 2
831 0
832 0
833 3
834 0
835 2
836 0
837 0
838 1
839 0
840 2
841 1
842 1
843 0
844 0
845 2
846 0
847 0
848 1
849 0
850 0
851 0
852 1
853 0
854 2
855 0
856 2
857 1
858 0
859 1
860 1
861 0
862 1
863 2
864 0
865 0
866 0
867 0
868 1
869 0
870 2
871 0
872 1
873 2
874 1
875 1
876 1
877 1
878 0
879 2
880 1
881 0
882 0
883 0
884 0
885 1
886 2
887 0
888 1
889 1
890 1
891 0
892 0
893 2
894 1
895 3
896 2
897 0
898 0
899 0
900 2
901 1
902 2
903 2
904 0
905 0
906 1
907 0
908 1
909 0
910 1
911 0
912 2
913 0
914 2
915 1
916 1
917 2
918 1
919 1
920 3
921 2
922 0
923 0
924 1
925 0
926 2
927 0
928 1
929 0
930 1
931 1
932 1
933 0
934 1
935 1
936 1
937 0
938 1
939 1
940 0
941 1
942 2
943 2
944 2
945 3
946 2
947 1
948 1
949 2
950 0
951 0
952 0
953 2
954 1
955 1
956 0
957 0
958 1
959 2
960 5
961 0
962 1
963 0
964 0
965 0
966 0
967 0
968 3
969 2
970 0
971 0
972 1
973 1
974 4
975 3
976 1
977 0
978 1
979 1
980 0
981 0
982 2
983 2
984 1
985 2
986 1
987 1
988 2
989 1
990 0
991 0
992 1
993 2
994 1
995 1
996 1
997 0
998 0
999 0
1000 1
1001 0
1002 0
1003 2
1004 0
1005 2
1006 1
1007 0
1008 0
1009 2
1010 1
1011 4
1012 1
1013 0
1014 1
1015 1
1016 0
1017 2
1018 0
1019 2
1020 3
1021 2
1022 1
1023 0
1024 1
1025 1
1026 0
1027 1
1028 1
1029 0
1030 0
1031 3
1032 2
1033 1
1034 0
1035 1
1036 1
1037 2
1038 0
1039 0
1040 1
1041 0
1042 1
1043 2
1044 1
1045 0
1046 1
1047 0
1048 1
1049 1
1050 1
1051 1
1052 0
1053 3
1054 0
1055 2
1056 1
1057 3
1058 0
1059 1
1060 1
1061 0
1062 2
1063 0
1064 1
1065 1
1066 0
1067 1
1068 2
1069 2
1070 0
1071 2
1072 0
1073 1
1074 0
1075 0
1076 0
1077 0
1078 2
1079 2
1080 0
1081 1
1082 1
1083 0
1084 0
1085 2
1086 0
1087 1
1088 1
1089 0
1090 1
1091 1
1092 1
1093 1
1094 2
1095 0
1096 1
1097 3
1098 0
1099 0
1100 1
1101 3
1102 1
1103 2
1104 0
1105 1
1106 0
1107 0
1108 0
1109 0
1110 0
1111 1
1112 0
1113 1
1114 0
1115 1
1116 1
1117 0
1118 1
1119 0
1120 2
1121 2
1122 2
1123 1
1124 0
1125 2
1126 1
1127 2
1128 1
1129 0
1130 0
1131 0
1132 0
1133 1
1134 0
1135 0
1136 0
1137 3
1138 0
1139 3
1140 0
1141 2
1142 1
1143 1
1144 2
1145 2
1146 1
1147 2
1148 0
1149 0
1150 0
1151 0
1152 0
1153 0
1154 1
1155 2
1156 1
1157 1
1158 2
1159 1
1160 1
1161 1
1162 0
1163 0
1164 1
1165 1
1166 1
1167 1
1168 0
1169 1
1170 0
1171 0
1172 1
1173 1
1174 2
1175 0
1176 0
1177 1
1178 1
1179 1
1180 1
1181 1
1182 2
1183 2
1184 0
1185 2
1186 1
1187 1
1188 0
1189 2
1190 0
1191 1
1192 2
1193 1
1194 0
1195 0
1196 2
1197 1
1198 1
1199 1
1200 0
1201 0
1202 3
1203 1
1204 0
1205 0
1206 1
1207 3
1208 3
1209 1
1210 1
1211 1
1212 2
1213 1
1214 1
1215 0
1216 0
1217 1
1218 2
1219 0
1220 0
1221 0
1222 1
1223 1
1224 0
1225 1
1226 1
1227 1
1228 0
1229 0
1230 1
1231 2
1232 0
1233 0
1234 0
1235 1
1236 1
1237 0
1238 1
1239 1
1240 0
1241 1
1242 0
1243 0
1244 1
1245 0
1246 3
1247 0
1248 0
1249 0
1250 0
1251 0
1252 0
1253 0
1254 3
1255 0
1256 0
1257 0
1258 1
1259 1
1260 0
1261 0
1262 0
1263 2
1264 1
1265 0
1266 1
1267 0
1268 0
1269 3
1270 0
1271 0
1272 1
1273 0
1274 0
1275 2
1276 1
1277 0
1278 0
1279 0
1280 0
1281 0
1282 0
1283 0
1284 0
1285 1
1286 0
1287 0
1288 1
1289 0
1290 0
1291 1
1292 2
1293 3
1294 1
1295 0
1296 0
1297 0
1298 1
1299 0
1300 0
1301 0
1302 0
1303 2
1304 0
1305 0
1306 1
1307 0
1308 0
1309 1
1310 1
1311 0
1312 2
1313 1
1314 0
1315 0
1316 2
1317 2
1318 1
1319 0
1320 2
1321 2
1322 0
1323 0
1324 1
1325 1
1326 1
1327 1
1328 1
1329 0
1330 0
1331 1
1332 0
1333 1
1334 3
1335 1
1336 0
1337 0
1338 1
1339 0
1340 2
1341 1
1342 0
1343 1
1344 2
1345 0
1346 0
1347 0
1348 0
1349 1
1350 1
1351 2
1352 0
1353 2
1354 3
1355 1
1356 0
1357 0
1358 0
1359 1
1360 0
1361 0
1362 0
1363 1
1364 1
1365 2
1366 4
1367 1
1368 2
1369 0
1370 0
1371 1
1372 0
1373 1
1374 0
1375 0
1376 0
1377 1
1378 2
1379 2
1380 0
1381 2
1382 0
1383 0
1384 1
1385 1
1386 0
1387 0
1388 0
1389 0
1390 1
1391 0
1392 0
1393 1
1394 1
1395 1
1396 0
1397 1
1398 1
1399 0
1400 0
1401 0
1402 0
1403 0
1404 0
1405 1
1406 0
1407 1
1408 0
1409 0
1410 0
1411 0
1412 1
1413 0
1414 0
1415 0
1416 2
1417 1
1418 0
1419 1
1420 0
1421 3
1422 0
1423 0
1424 1
1425 1
1426 1
1427 1
1428 2
1429 3
1430 2
1431 0
1432 0
1433 0
1434 0
1435 0
1436 0
1437 0
1438 2
1439 1
1440 0
1441 1
1442 1
1443 0
1444 0
1445 1
1446 0
1447 1
1448 2
1449 0
1450 2
1451 1
1452 1
1453 0
1454 0
1455 2
1456 0
1457 0
1458 0
1459 2
1460 0
1461 0
1462 0
1463 1
1464 0
1465 0
1466 1
1467 1
1468 2
1469 2
1470 0
1471 2
1472 0
1473 1
1474 3
1475 1
1476 0
1477 2
1478 2
1479 1
1480 1
1481 1
1482 0
1483 1
1484 0
1485 0
1486 0
1487 1
1488 1
1489 1
1490 1
1491 0
1492 0
1493 0
1494 0
1495 0
1496 0
1497 0
1498 1
1499 2
1500 0
1501 2
1502 1
1503 1
1504 1
1505 1
1506 0
1507 0
1508 1
1509 3
1510 1
1511 2
1512 1
1513 3
1514 1
1515 0
1516 1
1517 0
1518 0
1519 0
1520 0
1521 1
1522 2
1523 0
1524 1
1525 1
1526 0
1527 0
1528 0
1529 0
1530 0
1531 0
1532 0
1533 3
1534 2
1535 2
1536 0
1537 2
1538 1
1539 3
1540 0
1541 0
1542 0
1543 1
1544 1
1545 0
1546 1
1547 1
1548 1
1549 1
1550 1
1551 0
1552 4
1553 0
1554 1
1555 0
1556 1
1557 0
1558 0
1559 1
1560 2
1561 0
1562 1
1563 3
1564 0
1565 1
1566 0
1567 1
1568 1
1569 1
1570 1
1571 1
1572 1
1573 0
1574 4
1575 1
1576 1
1577 0
1578 0
1579 0
1580 0
1581 2
1582 0
1583 1
1584 1
1585 2
1586 2
1587 0
1588 0
1589 0
1590 0
1591 2
1592 1
1593 0
1594 3
1595 0
1596 2
1597 1
1598 2
1599 2
1600 2
1601 3
1602 1
1603 0
1604 1
1605 0
1606 3
1607 1
1608 1
1609 1
1610 0
1611 1
1612 0
1613 0
1614 1
1615 0
1616 3
1617 1
1618 0
1619 1
1620 4
1621 0
1622 1
1623 0
1624 1
1625 1
1626 1
1627 2
1628 0
1629 1
1630 0
1631 0
1632 1
1633 1
1634 1
1635 0
1636 0
1637 1
1638 0
1639 1
1640 1
1641 2
1642 1
1643 0
1644 3
1645 0
1646 0
1647 0
1648 2
1649 2
1650 1
1651 2
1652 1
1653 1
1654 1
1655 1
1656 0
1657 3
1658 0
1659 1
1660 2
1661 0
1662 3
1663 2
1664 1
1665 2
1666 2
1667 1
1668 0
1669 1
1670 1
1671 2
1672 0
1673 0
1674 0
1675 0
1676 1
1677 0
1678 0
1679 0
1680 0
1681 0
1682 1
1683 0
1684 0
1685 0
1686 0
1687 1
1688 1
1689 0
1690 1
1691 2
1692 0
1693 0
1694 0
1695 1
1696 0
1697 0
1698 0
1699 0
1700 0
1701 0
1702 0
1703 1
1704 1
1705 0
1706 1
1707 0
1708 0
1709 1
1710 0
1711 3
1712 0
1713 0
1714 0
1715 0
1716 0
1717 2
1718 1
1719 2
1720 0
1721 1
1722 2
1723 0
1724 1
1725 2
1726 1
1727 1
1728 0
1729 0
1730 0
1731 0
1732 1
1733 0
1734 0
1735 1
1736 0
1737 0
1738 0
1739 1
1740 0
1741 1
1742 1
1743 0
1744 2
1745 1
1746 0
1747 1
1748 0
1749 0
1750 2
1751 1
1752 0
1753 2
1754 0
1755 2
1756 2
1757 1
1758 0
1759 1
1760 2
1761 0
1762 3
1763 1
1764 2
1765 1
1766 0
1767 0
1768 0
1769 0
1770 0
1771 0
1772 1
1773 1
1774 1
1775 1
1776 1
1777 0
1778 0
1779 2
1780 0
1781 1
1782 0
1783 1
1784 3
1785 0
1786 1
1787 1
1788 2
1789 0
1790 1
1791 2
1792 2
1793 1
1794 1
1795 1
1796 0
1797 0
1798 1
1799 0
1800 1
1801 2
1802 1
1803 0
1804 0
1805 1
1806 1
1807 0
1808 1
1809 1
1810 0
1811 0
1812 1
1813 0
1814 3
1815 1
1816 1
1817 0
1818 1
1819 2
1820 2
1821 1
1822 2
1823 1
1824 1
1825 1
1826 0
1827 0
1828 0
1829 0
1830 1
1831 1
1832 0
1833 0
1834 0
1835 1
1836 1
1837 0
1838 0
1839 1
1840 1
1841 1
1842 1
1843 1
1844 1
1845 1
1846 1
1847 0
1848 1
1849 0
1850 0
1851 0
1852 0
1853 0
1854 0
1855 0
1856 0
1857 0
1858 1
1859 5
1860 1
1861 1
1862 2
1863 0
1864 0
1865 1
1866 0
1867 0
1868 2
1869 0
1870 2
1871 0
1872 1
1873 0
1874 2
1875 0
1876 1
1877 1
1878 2
1879 1
1880 0
1881 1
1882 1
1883 3
1884 0
1885 0
1886 1
1887 1
1888 1
1889 0
1890 1
1891 0
1892 1
1893 0
1894 3
1895 1
1896 1
1897 4
1898 2
1899 0
1900 3
1901 1
1902 1
1903 0
1904 1
1905 0
1906 0
1907 1
1908 0
1909 3
1910 1
1911 2
1912 1
1913 1
1914 0
1915 2
1916 0
1917 0
1918 1
1919 0
1920 1
1921 0
1922 1
1923 1
1924 0
1925 2
1926 1
1927 0
1928 1
1929 1
1930 0
1931 2
1932 0
1933 0
1934 1
1935 0
1936 0
1937 0
1938 1
1939 1
1940 3
1941 1
1942 0
1943 0
1944 2
1945 1
1946 1
1947 1
1948 1
1949 0
1950 0
1951 0
1952 0
1953 0
1954 0
1955 0
1956 1
1957 2
1958 1
1959 2
1960 0
1961 0
1962 1
1963 1
1964 1
1965 4
1966 0
1967 1
1968 0
1969 0
1970 1
1971 2
1972 3
1973 1
1974 2
1975 2
1976 2
1977 3
1978 0
1979 1
1980 1
1981 1
1982 1
1983 0
1984 0
1985 0
1986 0
1987 1
1988 0
1989 2
1990 3
1991 1
1992 0
1993 0
1994 1
1995 1
1996 1
1997 1
1998 1
1999 2
2000 1
2001 2
2002 1
2003 1
2004 0
2005 0
2006 2
2007 0
2008 1
2009 0
2010 1
2011 0
2012 0
2013 0
2014 1
2015 0
2016 3
2017 1
2018 1
2019 1
2020 1
2021 1
2022 0
2023 1
2024 1
2025 1
2026 1
2027 1
2028 1
2029 1
2030 0
2031 2
2032 0
2033 0
2034 0
2035 0
2036 0
2037 0
2038 0
2039 2
2040 1
2041 0
2042 0
2043 0
2044 1
2045 0
2046 3
2047 0
2048 0
2049 1
2050 1
2051 1
2052 0
2053 0
2054 4
2055 1
2056 0
2057 1
2058 0
2059 0
2060 1
2061 1
2062 0
2063 0
2064 1
2065 1
2066 0
2067 1
2068 0
2069 2
2070 1
2071 0
2072 0
2073 0
2074 2
2075 1
2076 1
2077 0
2078 0
2079 2
2080 4
2081 2
2082 1
2083 0
2084 1
2085 1
2086 3
2087 0
2088 1
2089 0
2090 1
2091 3
2092 1
2093 2
2094 0
2095 0
2096 0
2097 0
2098 1
2099 3
2100 1
2101 0
2102 0
2103 3
2104 1
2105 1
2106 1
2107 1
2108 2
2109 0
2110 1
2111 0
2112 0
2113 1
2114 1
2115 2
2116 0
2117 0
2118 0
2119 2
2120 0
2121 1
2122 0
2123 1
2124 1
2125 2
2126 3
2127 0
2128 0
2129 1
2130 1
2131 1
2132 0
2133 1
2134 1
2135 2
2136 2
2137 0
2138 0
2139 0
2140 1
2141 2
2142 1
2143 0
2144 2
2145 0
2146 0
2147 2
2148 2
2149 0
2150 0
2151 0
2152 0
2153 1
2154 1
2155 0
2156 0
2157 1
2158 0
2159 1
2160 0
2161 1
2162 0
2163 0
2164 3
2165 1
2166 1
2167 2
2168 1
2169 2
2170 1
2171 2
2172 1
2173 1
2174 0
2175 2
2176 0
2177 1
2178 0
2179 1
2180 2
2181 1
2182 2
2183 1
2184 0
2185 1
2186 0
2187 1
2188 2
2189 3
2190 1
2191 0
2192 1
2193 0
2194 0
2195 0
2196 0
2197 1
2198 0
2199 0
2200 0
2201 0
2202 2
2203 1
2204 2
2205 2
2206 0
2207 1
2208 1
2209 0
2210 1
2211 2
2212 2
2213 0
2214 2
2215 2
2216 0
2217 0
2218 2
2219 1
2220 1
2221 1
2222 1
2223 0
2224 0
2225 2
2226 0
2227 1
2228 3
2229 1
2230 0
2231 0
2232 0
2233 0
2234 0
2235 0
2236 1
2237 1
2238 1
2239 0
2240 1
2241 1
2242 1
2243 2
2244 0
2245 1
2246 0
2247 0
2248 1
2249 0
2250 1
2251 1
2252 1
2253 0
2254 2
2255 0
2256 0
2257 0
2258 1
2259 1
2260 2
2261 2
2262 1
2263 0
2264 1
2265 0
2266 0
2267 3
2268 2
2269 2
2270 1
2271 0
2272 0
2273 1
2274 0
2275 0
2276 0
2277 1
2278 0
2279 0
2280 1
2281 1
2282 2
2283 1
2284 1
2285 0
2286 0
2287 1
2288 2
2289 1
2290 0
2291 0
2292 1
2293 0
2294 0
2295 0
2296 1
2297 2
2298 0
2299 1
2300 0
2301 0
2302 0
2303 0
2304 0
2305 0
2306 0
2307 0
2308 0
2309 2
2310 0
2311 1
2312 1
2313 1
2314 1
2315 1
2316 0
2317 0
2318 0
2319 3
2320 3
2321 1
2322 2
2323 0
2324 1
2325 2
2326 1
2327 0
2328 2
2329 1
2330 0
2331 1
2332 1
2333 3
2334 0
2335 0
2336 3
2337 3
2338 4
2339 0
2340 0
2341 2
2342 1
2343 3
2344 1
2345 0
2346 2
2347 1
2348 1
2349 1
2350 0
2351 1
2352 1
2353 1
2354 0
2355 2
2356 2
2357 1
2358 0
2359 1
2360 2
2361 2
2362 1
2363 3
2364 0
2365 3
2366 2
2367 0
2368 2
2369 1
2370 1
2371 1
2372 2
2373 2
2374 0
2375 0
2376 1
2377 1
2378 2
2379 2
2380 1
2381 1
2382 0
2383 2
2384 0
2385 1
2386 0
2387 0
2388 3
2389 0
2390 0
2391 1
2392 0
2393 0
2394 2
2395 3
2396 2
2397 0
2398 1
2399 1
2400 1
2401 2
2402 0
2403 0
2404 0
2405 0
2406 2
2407 2
2408 0
2409 2
2410 1
2411 1
2412 0
2413 1
2414 0
2415 1
2416 2
2417 1
2418 0
2419 0
2420 0
2421 0
2422 0
2423 0
2424 1
2425 0
2426 0
2427 1
2428 0
2429 1
2430 0
2431 0
2432 1
2433 0
2434 1
2435 2
2436 0
2437 0
2438 0
2439 1
2440 0
2441 3
2442 0
2443 1
2444 1
2445 1
2446 0
2447 0
2448 2
2449 2
2450 1
2451 2
2452 0
2453 1
2454 1
2455 1
2456 1
2457 0
2458 1
2459 1
2460 2
2461 1
2462 3
2463 1
2464 1
2465 1
2466 1
2467 1
2468 0
2469 1
2470 0
2471 0
2472 0
2473 0
2474 1
2475 1
2476 0
2477 0
2478 0
2479 0
2480 2
2481 0
2482 1
2483 1
2484 1
2485 2
2486 0
2487 1
2488 1
2489 1
2490 1
2491 0
2492 1
2493 0
2494 0
2495 0
2496 1
2497 1
2498 1
2499 0
2500 1
2501 1
2502 0
2503 2
2504 4
2505 2
2506 0
2507 0
2508 1
2509 0
2510 0
2511 1
2512 0
2513 0
2514 2
2515 0
2516 2
2517 1
2518 1
2519 3
2520 0
2521 1
2522 0
2523 1
2524 0
2525 0
2526 0
2527 3
2528 1
2529 3
2530 1
2531 2
2532 0
2533 1
2534 1
2535 1
2536 1
2537 0
2538 0
2539 0
2540 2
2541 0
2542 0
2543 0
2544 0
2545 2
2546 1
2547 0
2548 0
2549 0
2550 1
2551 2
2552 1
2553 2
2554 1
2555 0
2556 0
2557 1
2558 0
2559 1
2560 0
2561 1
2562 2
2563 2
2564 1
2565 0
2566 0
2567 1
2568 1
2569 0
2570 0
2571 1
2572 1
2573 1
2574 0
2575 0
2576 1
2577 0
2578 0
2579 2
2580 2
2581 1
2582 2
2583 1
2584 0
2585 0
2586 0
2587 0
2588 0
2589 0
2590 2
2591 1
2592 1
2593 2
2594 0
2595 0
2596 2
2597 0
2598 3
2599 1
2600 1
2601 1
2602 1
2603 1
2604 1
2605 3
2606 2
2607 0
2608 1
2609 2
2610 2
2611 1
2612 1
2613 1
2614 0
2615 0
2616 0
2617 0
2618 0
2619 3
2620 1
2621 0
2622 0
2623 1
2624 1
2625 0
2626 0
2627 0
2628 0
2629 1
2630 0
2631 1
2632 0
2633 1
2634 0
2635 2
2636 1
2637 2
2638 0
2639 1
2640 1
2641 2
2642 0
2643 1
2644 0
2645 1
2646 0
2647 0
2648 0
2649 0
2650 1
2651 0
2652 0
2653 1
2654 1
2655 1
2656 1
2657 1
2658 1
2659 1
2660 0
2661 1
2662 2
2663 0
2664 0
2665 0
2666 1
2667 0
2668 0
2669 2
2670 3
2671 1
2672 1
2673 1
2674 1
2675 2
2676 0
2677 1
2678 3
2679 1
2680 0
2681 0
2682 3
2683 2
2684 1
2685 1
2686 1
2687 0
2688 0
2689 2
2690 0
2691 2
2692 0
2693 1
2694 0
2695 0
2696 0
2697 2
2698 0
2699 0
2700 0
2701 0
2702 0
2703 1
2704 1
2705 0
2706 0
2707 0
2708 2
2709 4
2710 0
2711 0
2712 0
2713 1
2714 1
2715 2
2716 1
2717 1
2718 2
2719 2
2720 0
2721 0
2722 1
2723 1
2724 0
2725 1
2726 2
2727 1
2728 1
2729 0
2730 0
2731 0
2732 0
2733 2
2734 0
2735 1
2736 1
2737 0
2738 0
2739 1
2740 2
2741 0
2742 1
2743 1
2744 0
2745 2
2746 0
2747 1
2748 0
2749 0
2750 1
2751 0
2752 0
2753 0
2754 0
2755 0
2756 0
2757 1
2758 0
2759 0
2760 0
2761 0
2762 2
2763 2
2764 1
2765 1
2766 1
2767 1
2768 1
2769 2
2770 1
2771 0
2772 1
2773 0
2774 0
2775 1
2776 1
2777 1
2778 2
2779 2
2780 1
2781 0
2782 0
2783 0
2784 1
2785 1
2786 0
2787 0
2788 0
2789 0
2790 0
2791 1
2792 0
2793 1
2794 0
2795 2
2796 1
2797 2
2798 1
2799 2
2800 1
2801 3
2802 0
2803 0
2804 0
2805 0
2806 1
2807 0
2808 1
2809 1
2810 1
2811 1
2812 0
2813 1
2814 2
2815 1
2816 1
2817 1
2818 0
2819 0
2820 0
2821 0
2822 0
2823 2
2824 0
2825 0
2826 2
2827 1
2828 2
2829 0
2830 1
2831 0
2832 0
2833 0
2834 0
2835 1
2836 1
2837 1
2838 0
2839 1
2840 0
2841 2
2842 0
2843 1
2844 1
2845 1
2846 0
2847 0
2848 3
2849 2
2850 1
2851 0
2852 1
2853 1
2854 4
2855 1
2856 2
2857 0
2858 0
2859 3
2860 1
2861 2
2862 0
2863 1
2864 3
2865 0
2866 1
2867 1
2868 0
2869 0
2870 1
2871 0
2872 0
2873 0
2874 0
2875 0
2876 0
2877 2
2878 2
2879 1
2880 1
2881 1
2882 2
2883 0
2884 0
2885 3
2886 1
2887 2
2888 2
2889 1
2890 1
2891 2
2892 1
2893 2
2894 1
2895 0
2896 2
2897 1
2898 0
2899 1
2900 0
2901 0
2902 2
2903 0
2904 1
2905 1
2906 2
2907 1
2908 0
2909 1
2910 4
2911 0
2912 0
2913 2
2914 1
2915 0
2916 2
2917 2
2918 1
2919 0
2920 2
2921 0
2922 0
2923 0
2924 1
2925 2
2926 2
2927 0
2928 0
2929 1
2930 1
2931 0
2932 0
2933 0
2934 0
2935 1
2936 0
2937 0
2938 0
2939 0
2940 0
2941 1
2942 0
2943 4
2944 1
2945 1
2946 0
2947 3
2948 0
2949 0
2950 0
2951 0
2952 0
2953 2
2954 1
2955 0
2956 1
2957 1
2958 0
2959 1
2960 0
2961 1
2962 0
2963 0
2964 0
2965 1
2966 1
2967 1
2968 3
2969 1
2970 0
2971 1
2972 0
2973 1
2974 0
2975 1
2976 0
2977 0
2978 0
2979 1
2980 0
2981 0
2982 0
2983 1
2984 0
2985 0
2986 2
2987 1
2988 2
2989 2
2990 1
2991 0
2992 0
2993 1
2994 5
2995 2
2996 1
2997 1
2998 1
2999 2
3000 0
3001 1
3002 1
3003 0
3004 1
3005 2
3006 0
3007 1
3008 0
3009 0
3010 1
3011 2
3012 1
3013 2
3014 0
3015 1
3016 0
3017 1
3018 0
3019 1
3020 2
3021 0
3022 2
3023 0
3024 0
3025 0
3026 3
3027 4
3028 0
3029 0
3030 1
3031 1
3032 1
3033 0
3034 0
3035 1
3036 0
3037 0
3038 2
3039 1
3040 0
3041 0
3042 1
3043 0
3044 1
3045 0
3046 0
3047 0
3048 4
3049 1
3050 0
3051 1
3052 3
3053 2
3054 0
3055 1
3056 0
3057 1
3058 1
3059 1
3060 1
3061 1
3062 1
3063 1
3064 0
3065 2
3066 1
3067 0
3068 0
3069 1
3070 0
3071 2
3072 1
3073 1
3074 0
3075 1
3076 0
3077 2
3078 0
3079 1
3080 2
3081 1
3082 2
3083 2
3084 1
3085 1
3086 0
3087 0
3088 1
3089 2
3090 0
3091 2
3092 1
3093 1
3094 1
3095 1
3096 0
3097 4
3098 1
3099 1
3100 0
3101 1
3102 1
3103 0
3104 0
3105 0
3106 0
3107 0
3108 2
3109 2
3110 1
3111 5
3112 1
3113 0
3114 2
3115 2
3116 4
3117 1
3118 0
3119 0
3120 1
3121 3
3122 2
3123 3
3124 4
3125 2
3126 0
3127 0
3128 1
3129 0
3130 0
3131 1
3132 1
3133 0
3134 1
3135 1
3136 1
3137 0
3138 2
3139 4
3140 0
3141 1
3142 1
3143 4
3144 2
3145 2
3146 1
3147 1
3148 1
3149 2
3150 1
3151 0
3152 0
3153 0
3154 1
3155 1
3156 0
3157 0
3158 1
3159 1
3160 2
3161 1
3162 1
3163 0
3164 0
3165 1
3166 1
3167 0
3168 0
3169 1
3170 2
3171 1
3172 1
3173 1
3174 2
3175 1
3176 1
3177 0
3178 1
3179 1
3180 0
3181 0
3182 1
3183 1
3184 0
3185 0
3186 0
3187 0
3188 0
3189 0
3190 0
3191 0
3192 0
3193 1
3194 1
3195 1
3196 0
3197 0
3198 0
3199 2
3200 0
3201 2
3202 1
3203 2
3204 0
3205 2
3206 1
3207 0
3208 1
3209 2
3210 1
3211 2
3212 1
3213 0
3214 4
3215 1
3216 2
3217 0
3218 1
3219 0
3220 0
3221 3
3222 1
3223 1
3224 1
3225 1
3226 0
3227 1
3228 0
3229 3
3230 1
3231 1
3232 0
3233 0
3234 0
3235 1
3236 1
3237 0
3238 2
3239 1
3240 3
3241 1
3242 1
3243 1
3244 1
3245 0
3246 2
3247 0
3248 0
3249 2
3250 1
3251 0
3252 2
3253 2
3254 0
3255 0
3256 2
3257 2
3258 0
3259 3
3260 0
3261 0
3262 1
3263 2
3264 2
3265 1
3266 1
3267 1
3268 0
3269 1
3270 1
3271 0
3272 1
3273 1
3274 0
3275 1
3276 1
3277 1
3278 0
3279 3
3280 2
3281 0
3282 0
3283 0
3284 0
3285 2
3286 0
3287 0
3288 1
3289 0
3290 0
3291 1
3292 2
3293 0
3294 1
3295 2
3296 1
3297 2
3298 1
3299 1
3300 1
3301 0
3302 2
3303 2
3304 1
3305 0
3306 0
3307 0
3308 0
3309 1
3310 1
3311 0
3312 0
3313 0
3314 0
3315 0
3316 1
3317 0
3318 0
3319 0
3320 0
3321 2
3322 0
3323 3
3324 1
3325 3
3326 0
3327 1
3328 2
3329 2
3330 2
3331 0
3332 1
3333 0
3334 2
3335 2
3336 2
3337 2
3338 1
3339 1
3340 2
3341 2
3342 0
3343 2
3344 1
3345 2
3346 1
3347 1
3348 2
3349 0
3350 2
3351 1
3352 0
3353 1
3354 0
3355 1
3356 1
3357 2
3358 0
3359 0
3360 1
3361 2
3362 0
3363 0
3364 0
3365 1
3366 2
3367 2
3368 1
3369 1
3370 2
3371 3
3372 0
3373 1
3374 0
3375 0
3376 0
3377 0
3378 2
3379 0
3380 2
3381 1
3382 1
3383 1
3384 0
3385 1
3386 1
3387 0
3388 1
3389 0
3390 0
3391 1
3392 1
3393 0
3394 1
3395 0
3396 1
3397 0
3398 1
3399 1
3400 1
3401 0
3402 0
3403 1
3404 2
3405 1
3406 0
3407 1
3408 0
3409 2
3410 0
3411 2
3412 1
3413 0
3414 0
3415 0
3416 0
3417 0
3418 2
3419 0
3420 2
3421 0
3422 2
3423 2
3424 2
3425 1
3426 0
3427 0
3428 2
3429 2
3430 2
3431 3
3432 0
3433 0
3434 0
3435 1
3436 2
3437 2
3438 0
3439 1
3440 1
3441 1
3442 0
3443 0
3444 0
3445 2
3446 1
3447 0
3448 0
3449 1
3450 0
3451 1
3452 3
3453 2
3454 1
3455 0
3456 1
3457 3
3458 0
3459 0
3460 2
3461 1
3462 1
3463 0
3464 0
3465 0
3466 0
3467 1
3468 1
3469 1
3470 1
3471 0
3472 0
3473 0
3474 1
3475 1
3476 3
3477 1
3478 1
3479 1
3480 2
3481 2
3482 0
3483 0
3484 2
3485 3
3486 0
3487 1
3488 1
3489 0
3490 0
3491 0
3492 1
3493 0
3494 1
3495 0
3496 0
3497 2
3498 0
3499 0
3500 2
3501 2
3502 0
3503 0
3504 0
3505 0
3506 0
3507 1
3508 1
3509 1
3510 2
3511 0
3512 3
3513 1
3514 0
3515 0
3516 1
3517 0
3518 1
3519 1
3520 0
3521 2
3522 0
3523 1
3524 0
3525 2
3526 1
3527 1
3528 1
3529 0
3530 1
3531 0
3532 2
3533 0
3534 1
3535 0
3536 1
3537 0
3538 1
3539 2
3540 0
3541 2
3542 2
3543 1
3544 0
3545 1
3546 0
3547 1
3548 0
3549 1
3550 1
3551 4
3552 1
3553 0
3554 0
3555 3
3556 0
3557 1
3558 0
3559 1
3560 0
3561 2
3562 2
3563 1
3564 1
3565 1
3566 0
3567 0
3568 1
3569 0
3570 1
3571 3
3572 0
3573 1
3574 0
3575 1
3576 1
3577 0
3578 1
3579 2
3580 1
3581 1
3582 1
3583 1
3584 0
3585 0
3586 0
3587 2
3588 1
3589 1
3590 0
3591 0
3592 1
3593 1
3594 0
3595 1
3596 0
3597 1
3598 1
3599 0
3600 2
3601 1
3602 1
3603 0
3604 1
3605 1
3606 2
3607 0
3608 0
3609 1
3610 1
3611 0
3612 0
3613 0
3614 1
3615 0
3616 0
3617 1
3618 1
3619 0
3620 0
3621 0
3622 4
3623 1
3624 2
3625 0
3626 0
3627 0
3628 1
3629 2
3630 0
3631 1
3632 3
3633 0
3634 0
3635 2
3636 0
3637 1
3638 1
3639 1
3640 2
3641 1
3642 0
3643 0
3644 2
3645 2
3646 1
3647 1
3648 1
3649 2
3650 1
3651 0
3652 1
3653 3
3654 0
3655 1
3656 0
3657 1
3658 1
3659 2
3660 0
3661 0
3662 1
3663 1
3664 0
3665 1
3666 1
3667 1
3668 1
3669 2
3670 0
3671 2
3672 0
3673 1
3674 0
3675 0
3676 2
3677 1
3678 0
3679 1
3680 1
3681 2
3682 0
3683 0
3684 0
3685 2
3686 0
3687 0
3688 2
3689 0
3690 0
3691 0
3692 0
3693 1
3694 0
3695 0
3696 1
3697 0
3698 1
3699 2
3700 1
3701 0
3702 3
3703 2
3704 1
3705 3
3706 1
3707 1
3708 0
3709 0
3710 0
3711 0
3712 0
3713 0
3714 0
3715 0
3716 0
3717 0
3718 1
3719 3
3720 0
3721 1
3722 0
3723 1
3724 0
3725 0
3726 1
3727 2
3728 1
3729 1
3730 1
3731 0
3732 1
3733 2
3734 0
3735 2
3736 1
3737 4
3738 1
3739 1
3740 0
3741 2
3742 1
3743 1
3744 1
3745 2
3746 0
3747 0
3748 1
3749 0
3750 0
3751 2
3752 0
3753 1
3754 1
3755 0
3756 2
3757 0
3758 1
3759 2
3760 1
3761 0
3762 1
3763 1
3764 1
3765 0
3766 0
3767 3
3768 0
3769 1
3770 1
3771 1
3772 1
3773 1
3774 0
3775 0
3776 0
3777 2
3778 1
3779 0
3780 1
3781 0
3782 4
3783 1
3784 0
3785 0
3786 1
3787 0
3788 1
3789 0
3790 3
3791 2
3792 0
3793 1
3794 2
3795 1
3796 1
3797 0
3798 0
3799 0
3800 2
3801 1
3802 0
3803 0
3804 1
3805 1
3806 2
3807 1
3808 0
3809 0
3810 0
3811 0
3812 0
3813 1
3814 1
3815 1
3816 1
3817 0
3818 1
3819 0
3820 3
3821 1
3822 0
3823 1
3824 2
3825 1
3826 1
3827 2
3828 0
3829 0
3830 1
3831 2
3832 0
3833 0
3834 0
3835 1
3836 0
3837 1
3838 0
3839 1
3840 0
3841 1
3842 1
3843 1
3844 0
3845 0
3846 1
3847 3
3848 0
3849 1
3850 3
3851 0
3852 1
3853 0
3854 2
3855 0
3856 2
3857 1
3858 4
3859 0
3860 0
3861 1
3862 0
3863 2
3864 2
3865 1
3866 1
3867 0
3868 1
3869 1
3870 1
3871 1
3872 0
3873 0
3874 1
3875 1
3876 2
3877 1
3878 0
3879 2
3880 0
3881 0
3882 1
3883 2
3884 1
3885 0
3886 0
3887 2
3888 2
3889 3
3890 0
3891 0
3892 1
3893 0
3894 1
3895 2
3896 0
3897 1
3898 1
3899 2
3900 1
3901 0
3902 0
3903 1
3904 1
3905 1
3906 1
3907 1
3908 0
3909 0
3910 0
3911 0
3912 0
3913 1
3914 1
3915 0
3916 0
3917 0
3918 1
3919 1
3920 2
3921 0
3922 0
3923 1
3924 0
3925 1
3926 0
3927 1
3928 1
3929 0
3930 3
3931 1
3932 3
3933 0
3934 1
3935 1
3936 0
3937 0
3938 3
3939 0
3940 0
3941 0
3942 0
3943 0
3944 0
3945 0
3946 2
3947 2
3948 1
3949 0
3950 1
3951 0
3952 1
3953 0
3954 1
3955 0
3956 2
3957 0
3958 2
3959 0
3960 0
3961 0
3962 0
3963 2
3964 0
3965 0
3966 0
3967 1
3968 0
3969 1
3970 3
3971 1
3972 2
3973 2
3974 0
3975 2
3976 1
3977 3
3978 3
3979 0
3980 1
3981 1
3982 1
3983 2
3984 1
3985 0
3986 1
3987 0
3988 0
3989 0
3990 2
3991 1
3992 0
3993 1
3994 0
3995 0
3996 2
3997 2
3998 1
3999 3
4000 2
4001 1
4002 1
4003 2
4004 1
4005 0
4006 1
4007 2
4008 1
4009 0
4010 1
4011 2
4012 0
4013 1
4014 2
4015 0
4016 2
4017 2
4018 0
4019 1
4020 0
4021 1
4022 0
4023 2
4024 0
4025 0
4026 0
4027 1
4028 1
4029 0
4030 1
4031 2
4032 0
4033 3
4034 2
4035 2
4036 0
4037 1
4038 0
4039 0
4040 0
4041 0
4042 2
4043 2
4044 0
4045 0
4046 0
4047 0
4048 1
4049 1
4050 0
4051 0
4052 1
4053 0
4054 2
4055 1
4056 0
4057 0
4058 0
4059 1
4060 0
4061 1
4062 2
4063 0
4064 2
4065 2
4066 1
4067 0
4068 1
4069 1
4070 0
4071 1
4072 0
4073 0
4074 0
4075 0
4076 1
4077 1
4078 0
4079 0
4080 0
4081 0
4082 1
4083 1
4084 1
4085 3
4086 0
4087 0
4088 3
4089 0
4090 1
4091 0
4092 4
4093 1
4094 0
4095 2
4096 0
4097 0
4098 3
4099 3
4100 2
4101 0
4102 0
4103 3
4104 3
4105 2
4106 0
4107 0
4108 0
4109 2
4110 1
4111 1
4112 0
4113 2
4114 0
4115 2
4116 0
4117 2
4118 2
4119 5
4120 0
4121 2
4122 1
4123 0
4124 2
4125 1
4126 3
4127 2
4128 0
4129 1
4130 0
4131 0
4132 0
4133 0
4134 1
4135 1
4136 1
4137 2
4138 0
4139 1
4140 1
4141 1
4142 0
4143 0
4144 0
4145 1
4146 0
4147 1
4148 2
4149 0
4150 0
4151 1
4152 0
4153 1
4154 1
4155 1
4156 0
4157 1
4158 2
4159 0
4160 2
4161 1
4162 1
4163 2
4164 0
4165 0
4166 0
4167 1
4168 1
4169 1
4170 1
4171 1
4172 1
4173 0
4174 0
4175 0
4176 3
4177 0
4178 3
4179 3
4180 0
4181 1
4182 0
4183 0
4184 0
4185 0
4186 0
4187 2
4188 2
4189 0
4190 0
4191 0
4192 2
4193 1
4194 0
4195 1
4196 4
4197 0
4198 1
4199 1
4200 0
4201 1
4202 0
4203 1
4204 2
4205 0
4206 0
4207 2
4208 0
4209 0
4210 1
4211 0
4212 0
4213 0
4214 3
4215 0
4216 0
4217 1
4218 0
4219 1
4220 0
4221 0
4222 1
4223 0
4224 0
4225 1
4226 1
4227 2
4228 1
4229 1
4230 0
4231 1
4232 1
4233 0
4234 0
4235 1
4236 1
4237 0
4238 1
4239 1
4240 0
4241 0
4242 1
4243 1
4244 0
4245 2
4246 2
4247 1
4248 2
4249 0
4250 1
4251 2
4252 2
4253 0
4254 1
4255 0
4256 0
4257 1
4258 2
4259 1
4260 1
4261 1
4262 0
4263 1
4264 1
4265 2
4266 2
4267 0
4268 1
4269 1
4270 0
4271 0
4272 0
4273 0
4274 2
4275 1
4276 2
4277 0
4278 0
4279 3
4280 3
4281 3
4282 0
4283 3
4284 3
4285 0
4286 1
4287 2
4288 2
4289 0
4290 1
4291 1
4292 0
4293 0
4294 0
4295 0
4296 2
4297 1
4298 1
4299 0
4300 0
4301 0
4302 0
4303 2
4304 3
4305 0
4306 1
4307 0
4308 1
4309 0
4310 0
4311 1
4312 1
4313 1
4314 0
4315 0
4316 1
4317 1
4318 1
4319 2
4320 1
4321 1
4322 1
4323 1
4324 2
4325 1
4326 2
4327 0
4328 1
4329 1
4330 1
4331 2
4332 0
4333 0
4334 0
4335 1
4336 2
4337 0
4338 0
4339 0
4340 1
4341 1
4342 1
4343 1
4344 2
4345 1
4346 2
4347 0
4348 1
4349 0
4350 2
4351 1
4352 1
4353 1
4354 0
4355 2
4356 1
4357 2
4358 0
4359 1
4360 2
4361 1
4362 0
4363 0
4364 0
4365 0
4366 0
4367 0
4368 0
4369 0
4370 0
4371 1
4372 1
4373 1
4374 0
4375 0
4376 0
4377 0
4378 0
4379 0
4380 0
4381 0
4382 0
4383 1
4384 2
4385 2
4386 0
4387 0
4388 0
4389 0
4390 0
4391 0
4392 0
4393 0
4394 1
4395 0
4396 1
4397 0
4398 4
4399 0
4400 0
4401 0
4402 1
4403 0
4404 1
4405 1
4406 0
4407 0
4408 0
4409 3
4410 4
4411 1
4412 0
4413 1
4414 1
4415 0
4416 0
4417 0
4418 1
4419 1
4420 0
4421 0
4422 0
4423 1
4424 1
4425 0
4426 1
4427 1
4428 2
4429 0
4430 2
4431 1
4432 2
4433 3
4434 1
4435 1
4436 0
4437 1
4438 1
4439 0
4440 1
4441 1
4442 1
4443 2
4444 2
4445 0
4446 1
4447 2
4448 1
4449 3
4450 3
4451 0
4452 2
4453 2
4454 0
4455 1
4456 1
4457 0
4458 0
4459 0
4460 1
4461 1
4462 1
4463 2
4464 1
4465 2
4466 2
4467 2
4468 0
4469 0
4470 0
4471 2
4472 0
4473 2
4474 0
4475 3
4476 1
4477 1
4478 0
4479 1
4480 1
4481 1
4482 2
4483 1
4484 0
4485 1
4486 0
4487 0
4488 2
4489 2
4490 0
4491 0
4492 1
4493 2
4494 1
4495 0
4496 0
4497 1
4498 0
4499 0
4500 0
4501 0
4502 1
4503 1
4504 0
4505 1
4506 1
4507 2
4508 1
4509 0
4510 2
4511 0
4512 1
4513 0
4514 0
4515 0
4516 1
4517 1
4518 2
4519 0
4520 1
4521 0
4522 0
4523 0
4524 1
4525 1
4526 1
4527 0
4528 2
4529 1
4530 5
4531 1
4532 3
4533 2
4534 0
4535 0
4536 2
4537 0
4538 1
4539 0
4540 2
4541 0
4542 1
4543 0
4544 2
4545 1
4546 2
4547 1
4548 0
4549 0
4550 2
4551 0
4552 1
4553 1
4554 1
4555 1
4556 5
4557 0
4558 0
4559 1
4560 0
4561 0
4562 1
4563 1
4564 0
4565 0
4566 1
4567 1
4568 1
4569 2
4570 1
4571 2
4572 0
4573 2
4574 1
4575 0
4576 1
4577 2
4578 1
4579 2
4580 0
4581 0
4582 0
4583 0
4584 1
4585 2
4586 0
4587 0
4588 1
4589 1
4590 1
4591 0
4592 5
4593 0
4594 1
4595 0
4596 0
4597 1
4598 0
4599 2
4600 0
4601 0
4602 0
4603 0
4604 1
4605 2
4606 1
4607 1
4608 0
4609 0
4610 0
4611 1
4612 4
4613 2
4614 3
4615 0
4616 0
4617 2
4618 1
4619 0
4620 0
4621 1
4622 0
4623 3
4624 2
4625 1
4626 0
4627 1
4628 0
4629 2
4630 1
4631 1
4632 1
4633 3
4634 1
4635 1
4636 0
4637 0
4638 1
4639 0
4640 2
4641 0
4642 0
4643 0
4644 2
4645 1
4646 1
4647 2
4648 0
4649 0
4650 1
4651 1
4652 0
4653 3
4654 3
4655 0
4656 0
4657 2
4658 1
4659 0
4660 1
4661 1
4662 1
4663 2
4664 0
4665 0
4666 0
4667 0
4668 0
4669 1
4670 0
4671 2
4672 0
4673 0
4674 3
4675 1
4676 1
4677 1
4678 0
4679 1
4680 1
4681 1
4682 2
4683 0
4684 3
4685 0
4686 0
4687 0
4688 0
4689 0
4690 0
4691 1
4692 1
4693 1
4694 0
4695 1
4696 1
4697 0
4698 2
4699 1
4700 1
4701 0
4702 0
4703 4
4704 1
4705 0
4706 0
4707 1
4708 0
4709 2
4710 2
4711 1
4712 0
4713 0
4714 2
4715 0
4716 0
4717 0
4718 0
4719 1
4720 0
4721 2
4722 3
4723 2
4724 0
4725 3
4726 2
4727 3
4728 0
4729 0
4730 0
4731 1
4732 1
4733 1
4734 1
4735 0
4736 0
4737 0
4738 2
4739 0
4740 1
4741 2
4742 2
4743 0
4744 2
4745 0
4746 1
4747 1
4748 0
4749 2
4750 0
4751 0
4752 0
4753 0
4754 0
4755 0
4756 1
4757 1
4758 2
4759 0
4760 0
4761 0
4762 0
4763 1
4764 0
4765 1
4766 0
4767 0
4768 1
4769 4
4770 1
4771 1
4772 1
4773 1
4774 1
4775 1
4776 0
4777 0
4778 0
4779 1
4780 0
4781 0
4782 0
4783 1
4784 1
4785 0
4786 1
4787 0
4788 0
4789 1
4790 1
4791 0
4792 1
4793 4
4794 0
4795 0
4796 0
4797 0
4798 1
4799 2
4800 0
4801 1
4802 3
4803 1
4804 2
4805 0
4806 1
4807 1
4808 0
4809 1
4810 3
4811 3
4812 2
4813 2
4814 2
4815 0
4816 0
4817 0
4818 1
4819 2
4820 0
4821 0
4822 0
4823 0
4824 0
4825 1
4826 2
4827 1
4828 2
4829 2
4830 0
4831 0
4832 0
4833 1
4834 0
4835 2
4836 0
4837 0
4838 2
4839 2
4840 1
4841 1
4842 0
4843 0
4844 2
4845 1
4846 1
4847 1
4848 1
4849 2
4850 2
4851 1
4852 1
4853 0
4854 1
4855 0
4856 2
4857 1
4858 1
4859 1
4860 2
4861 0
4862 0
4863 1
4864 0
4865 0
4866 1
4867 1
4868 2
4869 2
4870 0
4871 1
4872 0
4873 1
4874 2
4875 0
4876 2
4877 0
4878 0
4879 2
4880 1
4881 1
4882 3
4883 0
4884 2
4885 0
4886 0
4887 1
4888 2
4889 0
4890 1
4891 2
4892 0
4893 2
4894 0
4895 0
4896 1
4897 3
4898 0
4899 0
4900 1
4901 1
4902 0
4903 0
4904 2
4905 0
4906 1
4907 1
4908 0
4909 2
4910 0
4911 0
4912 2
4913 0
4914 0
4915 1
4916 0
4917 0
4918 0
4919 1
4920 0
4921 1
4922 0
4923 1
4924 1
4925 2
4926 1
4927 1
4928 0
4929 1
4930 2
4931 0
4932 0
4933 0
4934 0
4935 1
4936 0
4937 1
4938 1
4939 0
4940 2
4941 0
4942 1
4943 0
4944 1
4945 0
4946 2
4947 0
4948 0
4949 2
4950 0
4951 1
4952 0
4953 2
4954 0
4955 1
4956 0
4957 2
4958 0
4959 0
4960 1
4961 0
4962 0
4963 2
4964 0
4965 2
4966 1
4967 1
4968 1
4969 1
4970 1
4971 1
4972 1
4973 3
4974 0
4975 1
4976 0
4977 1
4978 0
4979 1
4980 1
4981 2
4982 1
4983 0
4984 0
4985 2
4986 1
4987 0
4988 1
4989 0
4990 1
4991 3
4992 0
4993 1
4994 1
4995 1
4996 0
4997 1
4998 1
4999 1
5000 2
5001 0
5002 0
5003 0
5004 0
5005 0
5006 1
5007 1
5008 1
5009 1
5010 2
5011 1
5012 0
5013 1
5014 0
5015 0
5016 0
5017 0
5018 0
5019 0
5020 0
5021 0
5022 0
5023 0
5024 1
5025 2
5026 1
5027 0
5028 0
5029 1
5030 1
5031 4
5032 0
5033 1
5034 0
5035 0
5036 0
5037 0
5038 1
5039 0
5040 0
5041 2
5042 1
5043 2
5044 0
5045 1
5046 0
5047 0
5048 1
5049 0
5050 0
5051 0
5052 0
5053 0
5054 0
5055 1
5056 0
5057 0
5058 0
5059 1
5060 2
5061 0
5062 0
5063 0
5064 0
5065 0
5066 0
5067 0
5068 1
5069 0
5070 0
5071 1
5072 0
5073 0
5074 0
5075 0
5076 0
5077 0
5078 1
5079 5
5080 0
5081 2
5082 0
5083 1
5084 2
5085 1
5086 0
5087 1
5088 2
5089 2
5090 2
5091 1
5092 0
5093 1
5094 0
5095 0
5096 1
5097 0
5098 0
5099 1
5100 1
5101 1
5102 0
5103 4
5104 2
5105 0
5106 2
5107 2
5108 2
5109 0
5110 0
5111 1
5112 0
5113 1
5114 1
5115 1
5116 3
5117 1
5118 0
5119 0
5120 0
5121 2
5122 0
5123 0
5124 0
5125 0
5126 1
5127 0
5128 0
5129 0
5130 2
5131 1
5132 2
5133 0
5134 0
5135 2
5136 1
5137 0
5138 2
5139 0
5140 0
5141 1
5142 2
5143 1
5144 0
5145 0
5146 0
5147 0
5148 1
5149 0
5150 0
5151 2
5152 1
5153 0
5154 0
5155 1
5156 0
5157 2
5158 2
5159 1
5160 0
5161 3
5162 2
5163 1
5164 0
5165 1
5166 1
5167 2
5168 1
5169 0
5170 0
5171 0
5172 0
5173 0
5174 0
5175 0
5176 0
5177 3
5178 6
5179 0
5180 1
5181 2
5182 0
5183 0
5184 0
5185 1
5186 0
5187 2
5188 0
5189 2
5190 2
5191 0
5192 1
5193 2
5194 0
5195 0
5196 1
5197 0
5198 0
5199 1
5200 0
5201 0
5202 2
5203 0
5204 1
5205 1
5206 0
5207 1
5208 1
5209 0
5210 0
5211 0
5212 1
5213 2
5214 2
5215 0
5216 0
5217 0
5218 1
5219 0
5220 1
5221 2
5222 2
5223 0
5224 1
5225 0
5226 0
5227 1
5228 0
5229 0
5230 1
5231 1
5232 1
5233 1
5234 0
5235 0
5236 0
5237 2
5238 1
5239 0
5240 0
5241 0
5242 1
5243 1
5244 1
5245 1
5246 1
5247 1
5248 1
5249 3
5250 2
5251 1
5252 2
5253 2
5254 0
5255 1
5256 0
5257 0
5258 2
5259 2
5260 2
5261 2
5262 0
5263 1
5264 2
5265 1
5266 0
5267 2
5268 0
5269 0
5270 1
5271 0
5272 2
5273 0
5274 0
5275 2
5276 2
5277 2
5278 0
5279 0
5280 2
5281 1
5282 0
5283 1
5284 0
5285 1
5286 1
5287 0
5288 1
5289 1
5290 0
5291 1
5292 1
5293 2
5294 0
5295 0
5296 1
5297 0
5298 0
5299 0
5300 1
5301 1
5302 1
5303 1
5304 1
5305 2
5306 1
5307 1
5308 0
5309 0
5310 3
5311 2
5312 3
5313 1
5314 0
5315 1
5316 1
5317 2
5318 0
5319 2
5320 1
5321 0
5322 1
5323 3
5324 2
5325 0
5326 1
5327 2
5328 1
5329 1
5330 0
5331 2
5332 0
5333 1
5334 1
5335 0
5336 0
5337 2
5338 0
5339 1
5340 1
5341 1
5342 0
5343 0
5344 1
5345 1
5346 1
5347 1
5348 0
5349 1
5350 1
5351 1
5352 0
5353 1
5354 1
5355 1
5356 2
5357 0
5358 1
5359 0
5360 1
5361 1
5362 2
5363 2
5364 0
5365 2
5366 1
5367 2
5368 1
5369 1
5370 1
5371 2
5372 0
5373 0
5374 0
5375 0
5376 0
5377 0
5378 1
5379 2
5380 0
5381 1
5382 0
5383 0
5384 0
5385 2
5386 0
5387 0
5388 2
5389 1
5390 3
5391 3
5392 0
5393 1
5394 0
5395 1
5396 1
5397 0
5398 2
5399 1
5400 0
5401 0
5402 1
5403 1
5404 0
5405 0
5406 1
5407 2
5408 0
5409 0
5410 0
5411 0
5412 0
5413 4
5414 4
5415 0
5416 0
5417 2
5418 0
5419 0
5420 0
5421 0
5422 1
5423 2
5424 0
5425 1
5426 0
5427 2
5428 1
5429 2
5430 0
5431 0
5432 3
5433 1
5434 2
5435 1
5436 1
5437 1
5438 0
5439 0
5440 1
5441 2
5442 0
5443 0
5444 1
5445 2
5446 2
5447 0
5448 1
5449 2
5450 1
5451 0
5452 0
5453 2
5454 1
5455 1
5456 1
5457 0
5458 1
5459 0
5460 0
5461 1
5462 0
5463 0
5464 1
5465 2
5466 0
5467 0
5468 1
5469 0
5470 0
5471 1
5472 1
5473 2
5474 2
5475 0
5476 3
5477 0
5478 2
5479 1
5480 0
5481 0
5482 2
5483 0
5484 3
5485 1
5486 1
5487 0
5488 4
5489 0
5490 0
5491 0
5492 0
5493 2
5494 2
5495 0
5496 3
5497 0
5498 1
5499 1
5500 2
5501 0
5502 1
5503 0
5504 1
5505 2
5506 2
5507 0
5508 2
5509 3
5510 1
5511 2
5512 2
5513 1
5514 0
5515 1
5516 0
5517 1
5518 0
5519 2
5520 4
5521 3
5522 1
5523 2
5524 1
5525 2
5526 1
5527 1
5528 0
5529 0
5530 3
5531 0
5532 0
5533 1
5534 2
5535 1
5536 3
5537 0
5538 1
5539 0
5540 0
5541 0
5542 0
5543 0
5544 0
5545 0
5546 0
5547 1
5548 0
5549 0
5550 0
5551 1
5552 2
5553 1
5554 0
5555 0
5556 1
5557 2
5558 0
5559 0
5560 1
5561 0
5562 1
5563 1
5564 2
5565 0
5566 1
5567 0
5568 0
5569 2
5570 0
5571 1
5572 2
5573 0
5574 1
5575 1
5576 0
5577 0
5578 1
5579 1
5580 0
5581 0
5582 1
5583 0
5584 0
5585 2
5586 1
5587 1
5588 1
5589 1
5590 2
5591 2
5592 0
5593 2
5594 1
5595 1
5596 0
5597 1
5598 1
5599 1
5600 0
5601 0
5602 1
5603 0
5604 1
5605 0
5606 1
5607 0
5608 2
5609 2
5610 1
5611 0
5612 1
5613 0
5614 1
5615 0
5616 0
5617 1
5618 2
5619 0
5620 2
5621 1
5622 0
5623 0
5624 0
5625 1
5626 0
5627 0
5628 3
5629 2
5630 1
5631 1
5632 1
5633 1
5634 0
5635 1
5636 1
5637 0
5638 0
5639 1
5640 4
5641 0
5642 1
5643 2
5644 0
5645 2
5646 2
5647 1
5648 0
5649 1
5650 0
5651 1
5652 2
5653 0
5654 1
5655 0
5656 3
5657 0
5658 0
5659 0
5660 0
5661 0
5662 0
5663 2
5664 1
5665 1
5666 3
5667 1
5668 1
5669 0
5670 1
5671 2
5672 0
5673 1
5674 3
5675 1
5676 2
5677 1
5678 0
5679 1
5680 1
5681 1
5682 0
5683 2
5684 1
5685 1
5686 0
5687 3
5688 0
5689 0
5690 0
5691 1
5692 2
5693 0
5694 1
5695 2
5696 2
5697 0
5698 3
5699 0
5700 2
5701 3
5702 0
5703 1
5704 0
5705 0
5706 2
5707 0
5708 0
5709 0
5710 1
5711 1
5712 0
5713 4
5714 1
5715 0
5716 4
5717 0
5718 0
5719 1
5720 2
5721 0
5722 1
5723 1
5724 1
5725 1
5726 1
5727 1
5728 1
5729 1
5730 0
5731 0
5732 0
5733 0
5734 0
5735 1
5736 1
5737 2
5738 1
5739 1
5740 1
5741 0
5742 0
5743 1
5744 1
5745 2
5746 2
5747 2
5748 1
5749 0
5750 0
5751 0
5752 5
5753 0
5754 2
5755 2
5756 1
5757 2
5758 1
5759 0
5760 0
5761 0
5762 1
5763 0
5764 1
5765 0
5766 1
5767 1
5768 1
5769 0
5770 2
5771 1
5772 1
5773 1
5774 2
5775 1
5776 1
5777 1
5778 1
5779 0
5780 1
5781 0
5782 0
5783 1
5784 1
5785 2
5786 2
5787 1
5788 0
5789 1
5790 3
5791 1
5792 2
5793 0
5794 0
5795 1
5796 2
5797 1
5798 1
5799 0
5800 3
5801 2
5802 0
5803 0
5804 2
5805 0
5806 1
5807 1
5808 1
5809 2
5810 1
5811 1
5812 1
5813 0
5814 0
5815 0
5816 0
5817 2
5818 0
5819 1
5820 1
5821 0
5822 1
5823 0
5824 0
5825 2
5826 1
5827 1
5828 1
5829 2
5830 1
5831 1
5832 1
5833 0
5834 0
5835 1
5836 0
5837 0
5838 0
5839 0
5840 2
5841 0
5842 0
5843 2
5844 2
5845 3
5846 0
5847 0
5848 0
5849 0
5850 0
5851 1
5852 1
5853 1
5854 0
5855 2
5856 1
5857 0
5858 0
5859 0
5860 1
5861 0
5862 0
5863 1
5864 2
5865 1
5866 2
5867 1
5868 0
5869 0
5870 0
5871 4
5872 0
5873 1
5874 1
5875 0
5876 0
5877 0
5878 2
5879 0
5880 3
5881 0
5882 0
5883 1
5884 1
5885 0
5886 0
5887 0
5888 0
5889 2
5890 0
5891 0
5892 3
5893 1
5894 0
5895 1
5896 0
5897 0
5898 2
5899 0
5900 1
5901 2
5902 0
5903 0
5904 0
5905 0
5906 0
5907 0
5908 2
5909 0
5910 1
5911 0
5912 0
5913 0
5914 1
5915 0
5916 0
5917 0
5918 2
5919 4
5920 2
5921 1
5922 0
5923 0
5924 2
5925 1
5926 0
5927 0
5928 2
5929 0
5930 1
5931 0
5932 0
5933 0
5934 0
5935 1
5936 1
5937 0
5938 0
5939 0
5940 1
5941 2
5942 0
5943 2
5944 0
5945 1
5946 3
5947 1
5948 0
5949 1
5950 0
5951 3
5952 1
5953 1
5954 0
5955 0
5956 0
5957 0
5958 2
5959 0
5960 1
5961 1
5962 0
5963 1
5964 1
5965 1
5966 1
5967 0
5968 1
5969 1
5970 1
5971 1
5972 0
5973 1
5974 1
5975 1
5976 0
5977 0
5978 3
5979 0
5980 0
5981 1
5982 1
5983 0
5984 0
5985 0
5986 2
5987 0
5988 1
5989 1
5990 1
5991 0
5992 1
5993 1
5994 0
5995 1
5996 1
5997 0
5998 0
5999 2
6000 1
6001 2
6002 0
6003 0
6004 1
6005 2
6006 1
6007 1
6008 0
6009 2
6010 2
6011 2
6012 1
6013 1
6014 1
6015 2
6016 1
6017 0
6018 0
6019 3
6020 0
6021 0
6022 0
6023 0
6024 2
6025 3
6026 1
6027 1
6028 0
6029 0
6030 1
6031 0
6032 1
6033 2
6034 2
6035 1
6036 0
6037 2
6038 3
6039 0
6040 1
6041 1
6042 0
6043 0
6044 0
6045 1
6046 2
6047 0
6048 0
6049 2
6050 2
6051 0
6052 0
6053 2
6054 2
6055 1
6056 0
6057 1
6058 1
6059 1
6060 0
6061 1
6062 2
6063 1
6064 2
6065 1
6066 1
6067 0
6068 1
6069 0
6070 0
6071 3
6072 0
6073 1
6074 0
6075 0
6076 0
6077 0
6078 1
6079 1
6080 2
6081 1
6082 0
6083 0
6084 1
6085 0
6086 1
6087 0
6088 1
6089 0
6090 2
6091 0
6092 0
6093 0
6094 0
6095 0
6096 0
6097 1
6098 1
6099 2
6100 0
6101 2
6102 1
6103 2
6104 0
6105 0
6106 0
6107 0
6108 0
6109 1
6110 0
6111 0
6112 1
6113 0
6114 0
6115 0
6116 2
6117 1
6118 1
6119 2
6120 1
6121 1
6122 0
6123 0
6124 1
6125 1
6126 3
6127 1
6128 0
6129 2
6130 2
6131 1
6132 0
6133 2
6134 0
6135 1
6136 0
6137 1
6138 2
6139 1
6140 1
6141 1
6142 2
6143 0
6144 0
6145 0
6146 1
6147 1
6148 1
6149 0
6150 1
6151 1
6152 0
6153 1
6154 0
6155 1
6156 1
6157 0
6158 0
6159 1
6160 2
6161 3
6162 1
6163 0
6164 1
6165 2
6166 1
6167 0
6168 2
6169 0
6170 2
6171 0
6172 0
6173 1
6174 1
6175 1
6176 1
6177 0
6178 1
6179 1
6180 1
6181 2
6182 4
6183 1
6184 1
6185 0
6186 0
6187 1
6188 2
6189 0
6190 2
6191 0
6192 2
6193 2
6194 3
6195 1
6196 1
6197 0
6198 0
6199 2
6200 0
6201 1
6202 1
6203 0
6204 1
6205 1
6206 1
6207 1
6208 2
6209 0
6210 0
6211 0
6212 0
6213 2
6214 1
6215 0
6216 1
6217 1
6218 2
6219 1
6220 1
6221 0
6222 1
6223 1
6224 2
6225 0
6226 2
6227 0
6228 2
6229 3
6230 0
6231 3
6232 1
6233 1
6234 0
6235 2
6236 0
6237 0
6238 0
6239 2
6240 0
6241 0
6242 1
6243 0
6244 3
6245 0
6246 1
6247 1
6248 1
6249 1
6250 0
6251 0
6252 0
6253 0
6254 1
6255 1
6256 0
6257 0
6258 1
6259 0
6260 1
6261 1
6262 0
6263 1
6264 1
6265 1
6266 0
6267 1
6268 0
6269 0
6270 2
6271 0
6272 1
6273 0
6274 5
6275 0
6276 1
6277 0
6278 1
6279 1
6280 0
6281 1
6282 1
6283 0
6284 0
6285 2
6286 2
6287 1
6288 2
6289 0
6290 2
6291 0
6292 0
6293 0
6294 3
6295 2
6296 1
6297 1
6298 0
6299 1
6300 2
6301 2
6302 0
6303 0
6304 0
6305 0
6306 1
6307 2
6308 2
6309 0
6310 1
6311 0
6312 2
6313 1
6314 0
6315 0
6316 0
6317 0
6318 1
6319 0
6320 1
6321 1
6322 2
6323 2
6324 0
6325 0
6326 0
6327 2
6328 1
6329 1
6330 1
6331 0
6332 0
6333 1
6334 1
6335 0
6336 0
6337 3
6338 0
6339 0
6340 0
6341 2
6342 0
6343 2
6344 3
6345 1
6346 0
6347 1
6348 1
6349 1
6350 3
6351 0
6352 3
6353 0
6354 0
6355 0
6356 1
6357 1
6358 0
6359 3
6360 0
6361 1
6362 0
6363 2
6364 1
6365 2
6366 1
6367 0
6368 1
6369 2
6370 1
6371 2
6372 0
6373 1
6374 2
6375 0
6376 0
6377 0
6378 2
6379 1
6380 2
6381 2
6382 0
6383 0
6384 1
6385 1
6386 0
6387 2
6388 0
6389 0
6390 1
6391 0
6392 0
6393 1
6394 2
6395 1
6396 3
6397 2
6398 1
6399 1
6400 2
6401 0
6402 1
6403 2
6404 0
6405 2
6406 0
6407 2
6408 0
6409 4
6410 1
6411 2
6412 3
6413 1
6414 1
6415 0
6416 0
6417 1
6418 1
6419 1
6420 1
6421 1
6422 1
6423 0
6424 2
6425 0
6426 0
6427 0
6428 1
6429 3
6430 1
6431 1
6432 2
6433 1
6434 0
6435 1
6436 1
6437 0
6438 1
6439 2
6440 1
6441 2
6442 0
6443 0
6444 0
6445 1
6446 2
6447 0
6448 1
6449 1
6450 1
6451 2
6452 0
6453 0
6454 3
6455 1
6456 0
6457 2
6458 3
6459 1
6460 1
6461 0
6462 2
6463 1
6464 1
6465 1
6466 1
6467 1
6468 6
6469 1
6470 2
6471 1
6472 0
6473 1
6474 0
6475 0
6476 0
6477 0
6478 2
6479 1
6480 0
6481 0
6482 1
6483 3
6484 1
6485 1
6486 0
6487 1
6488 3
6489 1
6490 2
6491 1
6492 1
6493 1
6494 0
6495 2
6496 0
6497 0
6498 0
6499 1
6500 1
6501 0
6502 2
6503 0
6504 0
6505 2
6506 3
6507 1
6508 0
6509 3
6510 3
6511 0
6512 1
6513 0
6514 1
6515 1
6516 0
6517 0
6518 0
6519 1
6520 1
6521 1
6522 1
6523 0
6524 1
6525 2
6526 1
6527 1
6528 0
6529 0
6530 1
6531 0
6532 1
6533 1
6534 0
6535 0
6536 1
6537 2
6538 1
6539 0
6540 0
6541 3
6542 1
6543 1
6544 0
6545 0
6546 0
6547 0
6548 3
6549 3
6550 1
6551 2
6552 1
6553 1
6554 0
6555 1
6556 0
6557 1
6558 2
6559 1
6560 1
6561 0
6562 0
6563 1
6564 2
6565 0
6566 0
6567 1
6568 1
6569 1
6570 3
6571 0
6572 1
6573 1
6574 1
6575 1
6576 0
6577 2
6578 0
6579 1
6580 0
6581 1
6582 1
6583 1
6584 0
6585 3
6586 0
6587 2
6588 0
6589 0
6590 1
6591 1
6592 2
6593 1
6594 0
6595 3
6596 1
6597 1
6598 0
6599 3
6600 0
6601 0
6602 0
6603 1
6604 0
6605 2
6606 0
6607 0
6608 1
6609 3
6610 0
6611 2
6612 0
6613 1
6614 1
6615 2
6616 1
6617 0
6618 0
6619 0
6620 0
6621 1
6622 1
6623 1
6624 1
6625 1
6626 2
6627 1
6628 0
6629 0
6630 0
6631 0
6632 0
6633 0
6634 0
6635 3
6636 1
6637 1
6638 1
6639 2
6640 0
6641 1
6642 1
6643 1
6644 0
6645 0
6646 2
6647 0
6648 1
6649 0
6650 0
6651 1
6652 2
6653 0
6654 1
6655 2
6656 1
6657 0
6658 0
6659 0
6660 0
6661 1
6662 1
6663 4
6664 0
6665 0
6666 1
6667 2
6668 2
6669 0
6670 0
6671 0
6672 1
6673 1
6674 1
6675 0
6676 3
6677 1
6678 0
6679 4
6680 0
6681 0
6682 0
6683 1
6684 1
6685 2
6686 1
6687 0
6688 0
6689 2
6690 0
6691 1
6692 0
6693 0
6694 2
6695 0
6696 1
6697 0
6698 1
6699 1
6700 2
6701 0
6702 2
6703 2
6704 0
6705 0
6706 0
6707 3
6708 0
6709 0
6710 0
6711 0
6712 1
6713 0
6714 1
6715 0
6716 0
6717 1
6718 0
6719 0
6720 1
6721 0
6722 1
6723 0
6724 1
6725 0
6726 0
6727 1
6728 0
6729 3
6730 0
6731 0
6732 0
6733 0
6734 1
6735 0
6736 0
6737 3
6738 1
6739 2
6740 1
6741 1
6742 1
6743 0
6744 1
6745 2
6746 0
6747 0
6748 0
6749 2
6750 1
6751 2
6752 0
6753 3
6754 2
6755 1
6756 0
6757 1
6758 0
6759 1
6760 2
6761 0
6762 3
6763 1
6764 0
6765 0
6766 0
6767 0
6768 2
6769 0
6770 0
6771 0
6772 1
6773 0
6774 1
6775 3
6776 1
6777 0
6778 1
6779 2
6780 0
6781 0
6782 0
6783 2
6784 1
6785 1
6786 0
6787 2
6788 1
6789 0
6790 1
6791 1
6792 1
6793 1
6794 1
6795 0
6796 3
6797 2
6798 3
6799 2
6800 0
6801 0
6802 1
6803 1
6804 0
6805 0
6806 1
6807 0
6808 1
6809 2
6810 1
6811 0
6812 1
6813 1
6814 0
6815 0
6816 0
6817 3
6818 0
6819 3
6820 1
6821 0
6822 0
6823 1
6824 2
6825 0
6826 0
6827 0
6828 2
6829 3
6830 0
6831 0
6832 0
6833 2
6834 3
6835 1
6836 1
6837 0
6838 0
6839 1
6840 0
6841 0
6842 0
6843 0
6844 3
6845 0
6846 0
6847 0
6848 1
6849 2
6850 1
6851 1
6852 0
6853 3
6854 1
6855 2
6856 1
6857 0
6858 1
6859 1
6860 1
6861 0
6862 1
6863 0
6864 0
6865 0
6866 0
6867 1
6868 1
6869 1
6870 0
6871 0
6872 0
6873 3
6874 0
6875 0
6876 1
6877 0
6878 0
6879 2
6880 0
6881 0
6882 1
6883 0
6884 1
6885 0
6886 1
6887 0
6888 2
6889 3
6890 1
6891 0
6892 2
6893 0
6894 1
6895 1
6896 0
6897 0
6898 1
6899 1
6900 0
6901 2
6902 0
6903 3
6904 0
6905 1
6906 0
6907 0
6908 0
6909 0
6910 1
6911 3
6912 0
6913 1
6914 1
6915 2
6916 1
6917 1
6918 1
6919 2
6920 1
6921 1
6922 1
6923 0
6924 0
6925 1
6926 2
6927 1
6928 0
6929 0
6930 0
6931 1
6932 3
6933 1
6934 4
6935 0
6936 2
6937 0
6938 2
6939 1
6940 0
6941 0
6942 1
6943 1
6944 1
6945 0
6946 1
6947 0
6948 0
6949 1
6950 0
6951 1
6952 1
6953 0
6954 0
6955 0
6956 1
6957 1
6958 1
6959 0
6960 0
6961 0
6962 0
6963 3
6964 2
6965 1
6966 1
6967 0
6968 0
6969 1
6970 2
6971 0
6972 1
6973 1
6974 3
6975 2
6976 2
6977 3
6978 1
6979 0
6980 0
6981 1
6982 2
6983 0
6984 2
6985 0
6986 1
6987 0
6988 0
6989 0
6990 2
6991 1
6992 0
6993 2
6994 2
6995 0
6996 1
6997 1
6998 0
6999 1
7000 0
7001 1
7002 2
7003 0
7004 0
7005 0
7006 1
7007 0
7008 1
7009 0
7010 1
7011 0
7012 0
7013 1
7014 3
7015 0
7016 1
7017 1
7018 2
7019 1
7020 1
7021 0
7022 3
7023 0
7024 0
7025 1
7026 0
7027 1
7028 1
7029 0
7030 2
7031 0
7032 0
7033 1
7034 1
7035 1
7036 2
7037 0
7038 1
7039 1
7040 0
7041 2
7042 0
7043 2
7044 1
7045 3
7046 1
7047 0
7048 0
7049 0
7050 0
7051 0
7052 0
7053 2
7054 0
7055 0
7056 2
7057 1
7058 1
7059 0
7060 0
7061 0
7062 0
7063 1
7064 2
7065 1
7066 1
7067 0
7068 0
7069 1
7070 1
7071 1
7072 0
7073 1
7074 1
7075 1
7076 0
7077 1
7078 0
7079 2
7080 1
7081 0
7082 1
7083 1
7084 0
7085 1
7086 0
7087 0
7088 0
7089 0
7090 0
7091 0
7092 2
7093 0
7094 0
7095 0
7096 0
7097 2
7098 1
7099 1
7100 0
7101 0
7102 1
7103 1
7104 0
7105 0
7106 0
7107 0
7108 2
7109 0
7110 1
7111 2
7112 0
7113 1
7114 0
7115 1
7116 0
7117 0
7118 2
7119 2
7120 0
7121 0
7122 0
7123 0
7124 0
7125 2
7126 0
7127 0
7128 2
7129 2
7130 1
7131 1
7132 1
7133 0
7134 3
7135 1
7136 1
7137 0
7138 1
7139 0
7140 0
7141 1
7142 1
7143 1
7144 1
7145 0
7146 2
7147 0
7148 1
7149 0
7150 0
7151 1
7152 0
7153 2
7154 2
7155 0
7156 0
7157 0
7158 1
7159 1
7160 0
7161 0
7162 1
7163 0
7164 0
7165 0
7166 1
7167 1
7168 1
7169 0
7170 2
7171 0
7172 1
7173 1
7174 0
7175 0
7176 2
7177 1
7178 0
7179 1
7180 1
7181 4
7182 4
7183 2
7184 0
7185 1
7186 0
7187 0
7188 0
7189 1
7190 1
7191 1
7192 1
7193 1
7194 0
7195 1
7196 0
7197 0
7198 1
7199 0
7200 0
7201 0
7202 0
7203 0
7204 0
7205 2
7206 0
7207 1
7208 0
7209 3
7210 1
7211 3
7212 0
7213 0
7214 0
7215 1
7216 1
7217 1
7218 0
7219 1
7220 2
7221 0
7222 0
7223 2
7224 3
7225 0
7226 0
7227 1
7228 1
7229 2
7230 2
7231 1
7232 2
7233 2
7234 0
7235 1
7236 1
7237 0
7238 2
7239 0
7240 0
7241 1
7242 0
7243 0
7244 1
7245 1
7246 2
7247 2
7248 2
7249 0
7250 1
7251 2
7252 1
7253 0
7254 1
7255 0
7256 3
7257 0
7258 1
7259 1
7260 1
7261 0
7262 1
7263 0
7264 1
7265 3
7266 2
7267 1
7268 1
7269 0
7270 1
7271 0
7272 0
7273 2
7274 1
7275 3
7276 0
7277 1
7278 0
7279 1
7280 1
7281 2
7282 0
7283 0
7284 1
7285 4
7286 0
7287 1
7288 0
7289 0
7290 0
7291 2
7292 0
7293 4
7294 2
7295 1
7296 1
7297 0
7298 0
7299 1
7300 2
7301 0
7302 0
7303 1
7304 1
7305 2
7306 0
7307 0
7308 0
7309 0
7310 1
7311 0
7312 2
7313 1
7314 1
7315 0
7316 1
7317 1
7318 0
7319 1
7320 2
7321 0
7322 1
7323 0
7324 0
7325 1
7326 2
7327 2
7328 0
7329 0
7330 0
7331 0
7332 3
7333 1
7334 0
7335 2
7336 2
7337 0
7338 1
7339 1
7340 2
7341 1
7342 2
7343 0
7344 0
7345 0
7346 1
7347 2
7348 1
7349 0
7350 0
7351 2
7352 1
7353 2
7354 1
7355 1
7356 0
7357 1
7358 0
7359 0
7360 1
7361 0
7362 1
7363 2
7364 0
7365 1
7366 4
7367 0
7368 0
7369 4
7370 1
7371 0
7372 0
7373 0
7374 0
7375 1
7376 0
7377 0
7378 2
7379 1
7380 2
7381 2
7382 2
7383 3
7384 1
7385 1
7386 1
7387 1
7388 0
7389 2
7390 1
7391 1
7392 0
7393 1
7394 0
7395 3
7396 0
7397 2
7398 1
7399 0
7400 0
7401 1
7402 0
7403 0
7404 0
7405 0
7406 0
7407 2
7408 1
7409 0
7410 1
7411 1
7412 0
7413 1
7414 0
7415 0
7416 0
7417 1
7418 1
7419 0
7420 1
7421 0
7422 1
7423 1
7424 0
7425 1
7426 0
7427 0
7428 1
7429 1
7430 1
7431 2
7432 1
7433 2
7434 1
7435 1
7436 0
7437 1
7438 3
7439 0
7440 0
7441 0
7442 1
7443 3
7444 3
7445 0
7446 2
7447 0
7448 0
7449 0
7450 1
7451 1
7452 0
7453 0
7454 0
7455 0
7456 1
7457 0
7458 1
7459 0
7460 2
7461 2
7462 1
7463 3
7464 1
7465 0
7466 0
7467 1
7468 0
7469 0
7470 1
7471 1
7472 3
7473 0
7474 1
7475 1
7476 2
7477 3
7478 1
7479 1
7480 2
7481 0
7482 0
7483 3
7484 0
7485 1
7486 1
7487 0
7488 0
7489 2
7490 2
7491 0
7492 0
7493 0
7494 1
7495 2
7496 2
7497 2
7498 2
7499 1
7500 1
7501 0
7502 0
7503 2
7504 0
7505 1
7506 0
7507 1
7508 2
7509 0
7510 1
7511 0
7512 0
7513 0
7514 2
7515 0
7516 1
7517 0
7518 0
7519 1
7520 2
7521 0
7522 1
7523 2
7524 2
7525 0
7526 0
7527 0
7528 0
7529 1
7530 0
7531 0
7532 0
7533 0
7534 0
7535 0
7536 0
7537 1
7538 0
7539 1
7540 1
7541 1
7542 0
7543 0
7544 0
7545 0
7546 0
7547 1
7548 1
7549 1
7550 0
7551 1
7552 0
7553 3
7554 0
7555 1
7556 2
7557 1
7558 0
7559 2
7560 1
7561 1
7562 2
7563 1
7564 0
7565 0
7566 2
7567 3
7568 1
7569 2
7570 0
7571 1
7572 0
7573 0
7574 1
7575 2
7576 1
7577 0
7578 2
7579 1
7580 1
7581 1
7582 0
7583 0
7584 0
7585 1
7586 0
7587 2
7588 0
7589 0
7590 1
7591 1
7592 0
7593 0
7594 0
7595 1
7596 2
7597 2
7598 0
7599 1
7600 1
7601 1
7602 1
7603 0
7604 1
7605 0
7606 0
7607 0
7608 1
7609 0
7610 2
7611 0
7612 1
7613 0
7614 1
7615 0
7616 0
7617 0
7618 1
7619 1
7620 0
7621 0
7622 2
7623 0
7624 0
7625 0
7626 1
7627 2
7628 1
7629 1
7630 0
7631 1
7632 2
7633 1
7634 1
7635 0
7636 0
7637 1
7638 0
7639 1
7640 0
7641 1
7642 2
7643 0
7644 0
7645 1
7646 2
7647 1
7648 0
7649 0
7650 3
7651 0
7652 1
7653 2
7654 0
7655 2
7656 0
7657 0
7658 1
7659 2
7660 1
7661 1
7662 0
7663 1
7664 2
7665 3
7666 1
7667 1
7668 0
7669 1
7670 0
7671 0
7672 0
7673 0
7674 0
7675 0
7676 0
7677 1
7678 0
7679 0
7680 1
7681 1
7682 0
7683 0
7684 0
7685 0
7686 2
7687 0
7688 0
7689 1
7690 0
7691 1
7692 0
7693 3
7694 0
7695 4
7696 0
7697 3
7698 1
7699 2
7700 0
7701 2
7702 1
7703 2
7704 0
7705 0
7706 1
7707 1
7708 1
7709 0
7710 1
7711 1
7712 0
7713 1
7714 1
7715 0
7716 0
7717 0
7718 1
7719 1
7720 1
7721 2
7722 1
7723 1
7724 1
7725 1
7726 2
7727 1
7728 2
7729 1
7730 1
7731 0
7732 0
7733 2
7734 0
7735 0
7736 0
7737 1
7738 1
7739 1
7740 0
7741 0
7742 0
7743 0
7744 1
7745 0
7746 0
7747 1
7748 2
7749 0
7750 0
7751 1
7752 2
7753 1
7754 1
7755 1
7756 3
7757 0
7758 2
7759 1
7760 1
7761 1
7762 1
7763 0
7764 0
7765 0
7766 1
7767 2
7768 0
7769 1
7770 1
7771 1
7772 0
7773 0
7774 2
7775 0
7776 0
7777 2
7778 2
7779 0
7780 1
7781 3
7782 2
7783 1
7784 0
7785 1
7786 0
7787 0
7788 0
7789 0
7790 1
7791 1
7792 0
7793 1
7794 1
7795 0
7796 2
7797 1
7798 0
7799 2
7800 1
7801 0
7802 0
7803 0
7804 2
7805 0
7806 2
7807 1
7808 1
7809 1
7810 1
7811 1
7812 2
7813 0
7814 1
7815 1
7816 0
7817 0
7818 2
7819 2
7820 0
7821 2
7822 2
7823 1
7824 0
7825 0
7826 2
7827 1
7828 0
7829 0
7830 0
7831 0
7832 1
7833 1
7834 2
7835 0
7836 2
7837 1
7838 1
7839 0
7840 0
7841 0
7842 0
7843 2
7844 0
7845 0
7846 1
7847 2
7848 0
7849 4
7850 1
7851 0
7852 0
7853 0
7854 1
7855 1
7856 0
7857 0
7858 2
7859 1
7860 1
7861 0
7862 1
7863 0
7864 0
7865 1
7866 1
7867 1
7868 0
7869 2
7870 0
7871 0
7872 0
7873 1
7874 1
7875 0
7876 0
7877 1
7878 1
7879 2
7880 0
7881 1
7882 2
7883 1
7884 1
7885 1
7886 1
7887 1
7888 1
7889 1
7890 2
7891 4
7892 0
7893 1
7894 0
7895 0
7896 2
7897 1
7898 0
7899 2
7900 0
7901 0
7902 0
7903 0
7904 3
7905 0
7906 2
7907 2
7908 1
7909 1
7910 2
7911 1
7912 0
7913 1
7914 0
7915 1
7916 0
7917 2
7918 0
7919 0
7920 1
7921 0
7922 1
7923 1
7924 1
7925 2
7926 0
7927 2
7928 0
7929 0
7930 0
7931 1
7932 0
7933 1
7934 0
7935 0
7936 1
7937 1
7938 2
7939 1
7940 2
7941 0
7942 1
7943 1
7944 0
7945 0
7946 1
7947 1
7948 1
7949 1
7950 0
7951 0
7952 1
7953 0
7954 0
7955 0
7956 0
7957 0
7958 3
7959 0
7960 0
7961 1
7962 1
7963 2
7964 1
7965 1
7966 0
7967 0
7968 0
7969 1
7970 1
7971 0
7972 0
7973 1
7974 0
7975 1
7976 0
7977 0
7978 0
7979 1
7980 1
7981 1
7982 0
7983 1
7984 1
7985 0
7986 0
7987 1
7988 2
7989 0
7990 2
7991 2
7992 0
7993 0
7994 1
7995 1
7996 0
7997 0
7998 2
7999 0
8000 0
8001 1
8002 0
8003 2
8004 1
8005 2
8006 0
8007 1
8008 1
8009 1
8010 3
8011 0
8012 0
8013 2
8014 4
8015 1
8016 2
8017 2
8018 1
8019 1
8020 0
8021 1
8022 0
8023 1
8024 1
8025 0
8026 1
8027 0
8028 0
8029 0
8030 1
8031 2
8032 0
8033 0
8034 3
8035 1
8036 1
8037 0
8038 0
8039 0
8040 2
8041 0
8042 1
8043 0
8044 0
8045 1
8046 1
8047 2
8048 1
8049 1
8050 0
8051 1
8052 1
8053 1
8054 1
8055 2
8056 1
8057 3
8058 0
8059 3
8060 0
8061 1
8062 0
8063 0
8064 0
8065 0
8066 1
8067 2
8068 0
8069 0
8070 1
8071 0
8072 2
8073 1
8074 2
8075 0
8076 1
8077 0
8078 1
8079 2
8080 0
8081 1
8082 0
8083 1
8084 1
8085 1
8086 0
8087 0
8088 0
8089 1
8090 0
8091 0
8092 1
8093 1
8094 0
8095 1
8096 1
8097 1
8098 2
8099 0
8100 3
8101 0
8102 1
8103 0
8104 2
8105 1
8106 2
8107 0
8108 1
8109 2
8110 0
8111 1
8112 0
8113 1
8114 0
8115 0
8116 1
8117 0
8118 1
8119 0
8120 2
8121 0
8122 0
8123 1
8124 0
8125 0
8126 0
8127 1
8128 0
8129 0
8130 0
8131 0
8132 0
8133 1
8134 1
8135 0
8136 0
8137 1
8138 0
8139 2
8140 1
8141 1
8142 2
8143 1
8144 0
8145 0
8146 0
8147 1
8148 2
8149 0
8150 0
8151 1
8152 3
8153 1
8154 0
8155 0
8156 0
8157 1
8158 0
8159 1
8160 1
8161 2
8162 1
8163 0
8164 2
8165 0
8166 0
8167 1
8168 1
8169 0
8170 0
8171 0
8172 0
8173 1
8174 0
8175 2
8176 0
8177 1
8178 1
8179 0
8180 0
8181 1
8182 1
8183 1
8184 0
8185 0
8186 1
8187 0
8188 1
8189 0
8190 0
8191 0
8192 2
8193 5
8194 1
8195 1
8196 3
8197 0
8198 0
8199 0
8200 1
8201 0
8202 1
8203 1
8204 0
8205 2
8206 1
8207 1
8208 1
8209 1
8210 0
8211 2
8212 0
8213 0
8214 1
8215 0
8216 0
8217 0
8218 0
8219 0
8220 0
8221 1
8222 0
8223 1
8224 0
8225 0
8226 0
8227 1
8228 2
8229 0
8230 1
8231 1
8232 2
8233 0
8234 1
8235 1
8236 3
8237 1
8238 1
8239 1
8240 0
8241 3
8242 1
8243 2
8244 0
8245 2
8246 3
8247 2
8248 1
8249 0
8250 2
8251 2
8252 1
8253 0
8254 0
8255 3
8256 3
8257 1
8258 1
8259 0
8260 1
8261 1
8262 0
8263 1
8264 0
8265 1
8266 0
8267 2
8268 0
8269 1
8270 1
8271 1
8272 2
8273 1
8274 1
8275 2
8276 1
8277 1
8278 0
8279 2
8280 0
8281 0
8282 1
8283 0
8284 1
8285 1
8286 3
8287 0
8288 0
8289 1
8290 1
8291 0
8292 0
8293 0
8294 2
8295 1
8296 0
8297 2
8298 0
8299 0
8300 2
8301 1
8302 2
8303 0
8304 0
8305 1
8306 1
8307 0
8308 1
8309 0
8310 1
8311 2
8312 1
8313 3
8314 1
8315 1
8316 1
8317 3
8318 2
8319 0
8320 1
8321 2
8322 0
8323 1
8324 0
8325 1
8326 2
8327 0
8328 2
8329 2
8330 0
8331 1
8332 0
8333 2
8334 1
8335 2
8336 3
8337 1
8338 1
8339 0
8340 1
8341 1
8342 2
8343 0
8344 0
8345 1
8346 0
8347 0
8348 0
8349 1
8350 2
8351 1
8352 1
8353 3
8354 0
8355 3
8356 2
8357 1
8358 2
8359 3
8360 0
8361 0
8362 0
8363 2
8364 0
8365 0
8366 2
8367 0
8368 1
8369 0
8370 1
8371 1
8372 0
8373 0
8374 1
8375 2
8376 2
8377 0
8378 0
8379 0
8380 0
8381 3
8382 2
8383 0
8384 2
8385 1
8386 2
8387 0
8388 1
8389 2
8390 0
8391 0
8392 1
8393 1
8394 0
8395 0
8396 0
8397 2
8398 0
8399 0
8400 1
8401 2
8402 2
8403 2
8404 2
8405 0
8406 0
8407 1
8408 1
8409 0
8410 0
8411 1
8412 1
8413 2
8414 1
8415 0
8416 1
8417 2
8418 2
8419 0
8420 2
8421 2
8422 1
8423 0
8424 1
8425 1
8426 1
8427 0
8428 0
8429 0
8430 1
8431 0
8432 2
8433 4
8434 2
8435 2
8436 0
8437 2
8438 0
8439 1
8440 1
8441 1
8442 3
8443 1
8444 1
8445 0
8446 1
8447 1
8448 2
8449 1
8450 0
8451 2
8452 1
8453 1
8454 1
8455 3
8456 1
8457 1
8458 4
8459 2
8460 0
8461 0
8462 0
8463 2
8464 1
8465 1
8466 2
8467 0
8468 3
8469 2
8470 0
8471 0
8472 1
8473 2
8474 0
8475 1
8476 2
8477 1
8478 0
8479 1
8480 5
8481 1
8482 0
8483 1
8484 3
8485 2
8486 3
8487 3
8488 1
8489 0
8490 1
8491 1
8492 1
8493 0
8494 1
8495 2
8496 1
8497 3
8498 0
8499 0
8500 1
8501 3
8502 0
8503 0
8504 2
8505 2
8506 0
8507 0
8508 0
8509 1
8510 0
8511 1
8512 0
8513 0
8514 3
8515 2
8516 3
8517 0
8518 0
8519 0
8520 1
8521 0
8522 1
8523 0
8524 0
8525 0
8526 2
8527 2
8528 0
8529 1
8530 0
8531 1
8532 2
8533 0
8534 1
8535 2
8536 1
8537 2
8538 3
8539 0
8540 0
8541 0
8542 0
8543 0
8544 1
8545 0
8546 1
8547 0
8548 0
8549 2
8550 1
8551 0
8552 0
8553 1
8554 0
8555 0
8556 0
8557 0
8558 1
8559 0
8560 1
8561 1
8562 0
8563 0
8564 0
8565 0
8566 0
8567 2
8568 1
8569 0
8570 1
8571 1
8572 1
8573 1
8574 0
8575 2
8576 0
8577 1
8578 1
8579 1
8580 1
8581 2
8582 1
8583 1
8584 0
8585 0
8586 1
8587 0
8588 2
8589 0
8590 0
8591 0
8592 0
8593 1
8594 0
8595 1
8596 3
8597 1
8598 0
8599 1
8600 0
8601 2
8602 1
8603 2
8604 1
8605 2
8606 1
8607 3
8608 2
8609 4
8610 0
8611 0
8612 2
8613 0
8614 0
8615 1
8616 1
8617 1
8618 1
8619 0
8620 0
8621 0
8622 1
8623 2
8624 2
8625 2
8626 0
8627 0
8628 0
8629 1
8630 0
8631 2
8632 0
8633 0
8634 0
8635 1
8636 1
8637 0
8638 0
8639 1
8640 1
8641 1
8642 1
8643 1
8644 1
8645 1
8646 0
8647 1
8648 0
8649 0
8650 0
8651 1
8652 1
8653 0
8654 2
8655 1
8656 0
8657 0
8658 0
8659 3
8660 0
8661 0
8662 0
8663 0
8664 2
8665 2
8666 0
8667 2
8668 1
8669 1
8670 1
8671 2
8672 2
8673 2
8674 1
8675 0
8676 2
8677 1
8678 0
8679 1
8680 2
8681 0
8682 1
8683 0
8684 2
8685 2
8686 1
8687 2
8688 0
8689 2
8690 0
8691 0
8692 0
8693 1
8694 0
8695 1
8696 2
8697 2
8698 1
8699 1
8700 0
8701 0
8702 2
8703 1
8704 1
8705 0
8706 0
8707 2
8708 0
8709 0
8710 1
8711 0
8712 1
8713 1
8714 0
8715 1
8716 0
8717 0
8718 0
8719 3
8720 0
8721 2
8722 0
8723 0
8724 0
8725 1
8726 0
8727 3
8728 1
8729 1
8730 1
8731 1
8732 1
8733 0
8734 0
8735 1
8736 2
8737 2
8738 0
8739 3
8740 1
8741 0
8742 2
8743 1
8744 0
8745 1
8746 0
8747 1
8748 0
8749 0
8750 0
8751 0
8752 0
8753 3
8754 2
8755 1
8756 1
8757 0
8758 0
8759 2
8760 1
8761 0
8762 3
8763 1
8764 0
8765 1
8766 0
8767 1
8768 2
8769 0
8770 1
8771 0
8772 1
8773 3
8774 4
8775 0
8776 0
8777 0
8778 2
8779 1
8780 2
8781 1
8782 0
8783 0
8784 1
8785 2
8786 0
8787 0
8788 1
8789 0
8790 0
8791 0
8792 2
8793 4
8794 0
8795 0
8796 2
8797 2
8798 1
8799 3
8800 0
8801 0
8802 0
8803 2
8804 1
8805 2
8806 0
8807 1
8808 1
8809 0
8810 1
8811 1
8812 0
8813 1
8814 4
8815 1
8816 2
8817 1
8818 0
8819 0
8820 2
8821 0
8822 1
8823 0
8824 0
8825 0
8826 0
8827 0
8828 3
8829 2
8830 1
8831 1
8832 2
8833 1
8834 0
8835 0
8836 1
8837 2
8838 0
8839 0
8840 1
8841 0
8842 1
8843 0
8844 0
8845 0
8846 2
8847 0
8848 0
8849 0
8850 0
8851 0
8852 1
8853 0
8854 3
8855 1
8856 1
8857 0
8858 0
8859 1
8860 2
8861 0
8862 0
8863 0
8864 1
8865 0
8866 0
8867 1
8868 1
8869 0
8870 2
8871 0
8872 0
8873 2
8874 1
8875 2
8876 1
8877 0
8878 1
8879 1
8880 0
8881 2
8882 2
8883 1
8884 0
8885 0
8886 1
8887 1
8888 0
8889 1
8890 1
8891 2
8892 0
8893 1
8894 1
8895 0
8896 1
8897 0
8898 1
8899 0
8900 0
8901 0
8902 0
8903 1
8904 2
8905 3
8906 1
8907 2
8908 2
8909 4
8910 0
8911 0
8912 0
8913 1
8914 0
8915 1
8916 0
8917 1
8918 0
8919 1
8920 1
8921 2
8922 0
8923 1
8924 0
8925 2
8926 0
8927 0
8928 0
8929 0
8930 1
8931 0
8932 1
8933 0
8934 1
8935 0
8936 1
8937 0
8938 1
8939 1
8940 1
8941 0
8942 2
8943 1
8944 0
8945 0
8946 2
8947 0
8948 0
8949 0
8950 2
8951 0
8952 4
8953 1
8954 0
8955 0
8956 3
8957 4
8958 1
8959 1
8960 1
8961 0
8962 1
8963 0
8964 2
8965 0
8966 2
8967 0
8968 1
8969 1
8970 1
8971 0
8972 0
8973 0
8974 0
8975 1
8976 0
8977 2
8978 0
8979 0
8980 3
8981 2
8982 1
8983 0
8984 2
8985 1
8986 0
8987 0
8988 2
8989 0
8990 0
8991 1
8992 1
8993 0
8994 1
8995 2
8996 0
8997 2
8998 0
8999 1
9000 2
9001 1
9002 1
9003 1
9004 0
9005 0
9006 1
9007 0
9008 1
9009 1
9010 2
9011 1
9012 1
9013 0
9014 0
9015 0
9016 2
9017 0
9018 0
9019 0
9020 1
9021 1
9022 1
9023 1
9024 1
9025 2
9026 1
9027 0
9028 1
9029 0
9030 0
9031 1
9032 0
9033 1
9034 1
9035 1
9036 1
9037 0
9038 1
9039 0
9040 0
9041 0
9042 0
9043 1
9044 1
9045 1
9046 1
9047 2
9048 4
9049 0
9050 1
9051 0
9052 2
9053 1
9054 0
9055 1
9056 1
9057 0
9058 0
9059 2
9060 1
9061 2
9062 2
9063 0
9064 2
9065 2
9066 1
9067 2
9068 0
9069 1
9070 2
9071 1
9072 1
9073 0
9074 1
9075 0
9076 0
9077 2
9078 1
9079 0
9080 1
9081 2
9082 2
9083 0
9084 0
9085 0
9086 0
9087 0
9088 1
9089 2
9090 1
9091 0
9092 2
9093 0
9094 0
9095 2
9096 1
9097 1
9098 1
9099 1
9100 0
9101 2
9102 1
9103 1
9104 1
9105 1
9106 1
9107 0
9108 0
9109 2
9110 1
9111 0
9112 0
9113 0
9114 1
9115 1
9116 1
9117 1
9118 1
9119 1
9120 2
9121 1
9122 0
9123 1
9124 0
9125 1
9126 1
9127 0
9128 0
9129 1
9130 2
9131 3
9132 0
9133 1
9134 2
9135 1
9136 0
9137 0
9138 1
9139 3
9140 0
9141 0
9142 1
9143 2
9144 1
9145 3
9146 2
9147 1
9148 1
9149 1
9150 1
9151 2
9152 0
9153 1
9154 2
9155 0
9156 0
9157 0
9158 2
9159 0
9160 1
9161 1
9162 1
9163 2
9164 1
9165 2
9166 0
9167 2
9168 2
9169 1
9170 0
9171 1
9172 0
9173 1
9174 1
9175 0
9176 0
9177 1
9178 0
9179 0
9180 1
9181 0
9182 2
9183 1
9184 3
9185 1
9186 0
9187 3
9188 1
9189 2
9190 0
9191 0
9192 1
9193 0
9194 1
9195 3
9196 2
9197 5
9198 2
9199 1
9200 1
9201 1
9202 0
9203 1
9204 0
9205 1
9206 0
9207 0
9208 0
9209 1
9210 1
9211 4
9212 0
9213 2
9214 1
9215 0
9216 0
9217 0
9218 1
9219 4
9220 0
9221 0
9222 1
9223 3
9224 0
9225 1
9226 1
9227 0
9228 1
9229 0
9230 1
9231 1
9232 1
9233 1
9234 2
9235 1
9236 2
9237 1
9238 1
9239 2
9240 1
9241 2
9242 0
9243 0
9244 0
9245 1
9246 0
9247 0
9248 0
9249 0
9250 1
9251 1
9252 0
9253 0
9254 0
9255 0
9256 0
9257 1
9258 1
9259 1
9260 1
9261 0
9262 2
9263 0
9264 2
9265 1
9266 1
9267 0
9268 2
9269 1
9270 1
9271 0
9272 0
9273 0
9274 0
9275 0
9276 0
9277 1
9278 0
9279 4
9280 0
9281 1
9282 1
9283 2
9284 1
9285 4
9286 0
9287 1
9288 1
9289 1
9290 2
9291 3
9292 0
9293 0
9294 1
9295 1
9296 2
9297 2
9298 1
9299 0
9300 2
9301 2
9302 1
9303 0
9304 0
9305 1
9306 2
9307 1
9308 1
9309 1
9310 2
9311 0
9312 0
9313 1
9314 1
9315 0
9316 2
9317 4
9318 0
9319 0
9320 0
9321 0
9322 2
9323 2
9324 2
9325 1
9326 2
9327 0
9328 0
9329 0
9330 1
9331 0
9332 0
9333 1
9334 1
9335 0
9336 0
9337 2
9338 0
9339 1
9340 0
9341 2
9342 2
9343 1
9344 0
9345 3
9346 0
9347 2
9348 1
9349 0
9350 0
9351 2
9352 0
9353 0
9354 1
9355 1
9356 1
9357 1
9358 1
9359 3
9360 0
9361 0
9362 2
9363 1
9364 0
9365 3
9366 1
9367 1
9368 0
9369 3
9370 0
9371 0
9372 0
9373 1
9374 1
9375 3
9376 0
9377 2
9378 0
9379 0
9380 0
9381 0
9382 0
9383 1
9384 1
9385 3
9386 0
9387 1
9388 1
9389 1
9390 1
9391 1
9392 1
9393 2
9394 1
9395 3
9396 1
9397 0
9398 0
9399 0
9400 0
9401 1
9402 1
9403 2
9404 0
9405 1
9406 2
9407 0
9408 0
9409 1
9410 1
9411 1
9412 0
9413 2
9414 1
9415 2
9416 1
9417 4
9418 1
9419 1
9420 1
9421 1
9422 1
9423 1
9424 0
9425 3
9426 0
9427 2
9428 0
9429 2
9430 0
9431 1
9432 0
9433 0
9434 1
9435 2
9436 0
9437 1
9438 2
9439 0
9440 0
9441 0
9442 0
9443 0
9444 1
9445 1
9446 2
9447 1
9448 0
9449 1
9450 3
9451 0
9452 2
9453 1
9454 1
9455 1
9456 1
9457 0
9458 0
9459 0
9460 1
9461 1
9462 1
9463 0
9464 1
9465 1
9466 0
9467 2
9468 3
9469 1
9470 2
9471 0
9472 0
9473 2
9474 0
9475 0
9476 1
9477 1
9478 0
9479 2
9480 1
9481 0
9482 1
9483 0
9484 1
9485 1
9486 0
9487 0
9488 2
9489 1
9490 1
9491 1
9492 0
9493 1
9494 1
9495 3
9496 2
9497 2
9498 4
9499 0
9500 1
9501 0
9502 1
9503 0
9504 1
9505 0
9506 0
9507 1
9508 2
9509 2
9510 0
9511 1
9512 1
9513 1
9514 0
9515 2
9516 0
9517 1
9518 1
9519 0
9520 0
9521 0
9522 1
9523 2
9524 2
9525 1
9526 1
9527 0
9528 0
9529 0
9530 0
9531 2
9532 1
9533 0
9534 0
9535 0
9536 0
9537 0
9538 4
9539 3
9540 0
9541 1
9542 2
9543 0
9544 2
9545 2
9546 1
9547 1
9548 0
9549 1
9550 0
9551 3
9552 1
9553 0
9554 3
9555 1
9556 1
9557 1
9558 0
9559 0
9560 2
9561 0
9562 1
9563 0
9564 0
9565 0
9566 0
9567 2
9568 0
9569 3
9570 0
9571 2
9572 2
9573 0
9574 0
9575 3
9576 0
9577 2
9578 1
9579 0
9580 0
9581 1
9582 0
9583 1
9584 0
9585 1
9586 1
9587 2
9588 0
9589 1
9590 0
9591 1
9592 0
9593 1
9594 0
9595 0
9596 1
9597 0
9598 2
9599 0
9600 0
9601 3
9602 0
9603 1
9604 1
9605 3
9606 1
9607 1
9608 0
9609 1
9610 0
9611 1
9612 1
9613 1
9614 1
9615 1
9616 0
9617 0
9618 1
9619 0
9620 0
9621 2
9622 1
9623 0
9624 1
9625 3
9626 1
9627 1
9628 1
9629 1
9630 1
9631 1
9632 1
9633 0
9634 0
9635 2
9636 0
9637 2
9638 2
9639 1
9640 0
9641 1
9642 1
9643 1
9644 0
9645 1
9646 0
9647 2
9648 1
9649 3
9650 2
9651 0
9652 0
9653 1
9654 0
9655 1
9656 3
9657 1
9658 1
9659 0
9660 2
9661 0
9662 0
9663 2
9664 2
9665 0
9666 2
9667 0
9668 0
9669 0
9670 2
9671 1
9672 1
9673 1
9674 1
9675 1
9676 1
9677 4
9678 3
9679 0
9680 0
9681 3
9682 2
9683 0
9684 1
9685 4
9686 1
9687 0
9688 2
9689 5
9690 2
9691 1
9692 1
9693 1
9694 1
9695 1
9696 2
9697 0
9698 0
9699 1
9700 3
9701 1
9702 0
9703 2
9704 2
9705 1
9706 0
9707 0
9708 1
9709 1
9710 2
9711 0
9712 0
9713 0
9714 0
9715 2
9716 0
9717 0
9718 2
9719 0
9720 0
9721 1
9722 1
9723 0
9724 0
9725 0
9726 1
9727 1
9728 0
9729 1
9730 1
9731 0
9732 2
9733 1
9734 1
9735 0
9736 3
9737 0
9738 2
9739 0
9740 0
9741 0
9742 1
9743 1
9744 1
9745 3
9746 1
9747 2
9748 1
9749 0
9750 0
9751 0
9752 2
9753 0
9754 0
9755 3
9756 2
9757 2
9758 0
9759 1
9760 1
9761 1
9762 2
9763 0
9764 0
9765 0
9766 2
9767 2
9768 1
9769 2
9770 1
9771 0
9772 1
9773 4
9774 0
9775 1
9776 0
9777 1
9778 2
9779 1
9780 1
9781 0
9782 2
9783 0
9784 1
9785 0
9786 0
9787 0
9788 0
9789 0
9790 1
9791 0
9792 1
9793 0
9794 0
9795 0
9796 2
9797 2
9798 1
9799 1
9800 1
9801 1
9802 0
9803 0
9804 0
9805 1
9806 1
9807 1
9808 2
9809 0
9810 0
9811 0
9812 1
9813 0
9814 2
9815 1
9816 2
9817 1
9818 2
9819 1
9820 0
9821 1
9822 0
9823 1
9824 1
9825 1
9826 0
9827 1
9828 1
9829 3
9830 0
9831 1
9832 1
9833 4
9834 0
9835 0
9836 1
9837 1
9838 0
9839 0
9840 2
9841 2
9842 0
9843 1
9844 3
9845 1
9846 0
9847 0
9848 0
9849 2
9850 1
9851 1
9852 0
9853 0
9854 0
9855 0
9856 0
9857 0
9858 3
9859 1
9860 2
9861 0
9862 0
9863 0
9864 0
9865 0
9866 1
9867 0
9868 1
9869 0
9870 0
9871 0
9872 0
9873 1
9874 0
9875 2
9876 1
9877 1
9878 2
9879 0
9880 2
9881 0
9882 3
9883 1
9884 3
9885 0
9886 1
9887 1
9888 0
9889 1
9890 2
9891 0
9892 1
9893 0
9894 0
9895 1
9896 0
9897 2
9898 1
9899 1
9900 4
9901 1
9902 1
9903 0
9904 1
9905 0
9906 0
9907 0
9908 1
9909 2
9910 0
9911 2
9912 0
9913 2
9914 0
9915 1
9916 0
9917 0
9918 0
9919 1
9920 1
9921 0
9922 1
9923 0
9924 1
9925 1
9926 0
9927 1
9928 1
9929 0
9930 2
9931 1
9932 2
9933 0
9934 1
9935 1
9936 0
9937 1
9938 0
9939 2
9940 4
9941 1
9942 0
9943 1
9944 1
9945 1
9946 1
9947 0
9948 0
9949 0
9950 2
9951 2
9952 1
9953 3
9954 0
9955 1
9956 0
9957 2
9958 0
9959 1
9960 1
9961 0
9962 3
9963 0
9964 0
9965 0
9966 0
9967 2
9968 0
9969 0
9970 0
9971 2
9972 1
9973 1
9974 1
9975 1
9976 3
9977 0
9978 0
9979 1
9980 1
9981 0
9982 0
9983 0
9984 1
9985 2
9986 0
9987 1
9988 2
9989 0
9990 0
9991 1
9992 1
9993 0
9994 1
9995 1
9996 2
9997 0
9998 0
9999 0
10000 1
10001 1
10002 0
10003 0
10004 1
10005 0
10006 1
10007 0
10008 0
10009 1
10010 0
10011 1
10012 1
10013 3
10014 0
10015 1
10016 0
10017 2
10018 0
10019 3
10020 1
10021 0
10022 0
10023 1
10024 1
10025 0
10026 0
10027 0
10028 0
10029 1
10030 1
10031 0
10032 1
10033 1
10034 0
10035 1
10036 2
10037 0
10038 0
10039 0
10040 0
10041 2
10042 0
10043 2
10044 0
10045 1
10046 3
10047 2
10048 1
10049 0
10050 0
10051 0
10052 0
10053 0
10054 2
10055 2
10056 1
10057 1
10058 0
10059 1
10060 2
10061 1
10062 0
10063 3
10064 2
10065 2
10066 1
10067 0
10068 1
10069 0
10070 2
10071 1
10072 2
10073 0
10074 1
10075 6
10076 4
10077 0
10078 1
10079 0
10080 1
10081 0
10082 1
10083 1
10084 0
10085 1
10086 1
10087 0
10088 2
10089 0
10090 0
10091 1
10092 1
10093 0
10094 2
10095 0
10096 1
10097 1
10098 1
10099 3
10100 4
10101 0
10102 0
10103 4
10104 1
10105 1
10106 1
10107 0
10108 2
10109 0
10110 1
10111 0
10112 0
10113 0
10114 2
10115 3
10116 3
10117 1
10118 1
10119 1
10120 1
10121 2
10122 1
10123 2
10124 2
10125 0
10126 1
10127 0
10128 2
10129 0
10130 0
10131 2
10132 0
10133 0
10134 1
10135 2
10136 2
10137 0
10138 2
10139 3
10140 1
10141 0
10142 0
10143 2
10144 0
10145 2
10146 0
10147 0
10148 1
10149 1
10150 1
10151 1
10152 1
10153 1
10154 0
10155 0
10156 1
10157 0
10158 1
10159 0
10160 0
10161 0
10162 2
10163 1
10164 1
10165 2
10166 0
10167 2
10168 2
10169 3
10170 0
10171 0
10172 0
10173 1
10174 0
10175 0
10176 1
10177 4
10178 2
10179 2
10180 0
10181 0
10182 0
10183 2
10184 0
10185 0
10186 0
10187 0
10188 1
10189 0
10190 1
10191 1
10192 3
10193 0
10194 3
10195 0
10196 0
10197 0
10198 0
10199 0
10200 2
10201 1
10202 0
10203 1
10204 1
10205 0
10206 1
10207 0
10208 0
10209 0
10210 0
10211 1
10212 0
10213 1
10214 0
10215 0
10216 1
10217 0
10218 0
10219 1
10220 1
10221 0
10222 1
10223 0
10224 1
10225 0
10226 1
10227 0
10228 2
10229 1
10230 1
10231 3
10232 1
10233 0
10234 0
10235 1
10236 1
10237 0
10238 1
10239 2
10240 2
10241 2
10242 0
10243 0
10244 0
10245 1
10246 2
10247 3
10248 1
10249 2
10250 0
10251 2
10252 3
10253 1
10254 1
10255 1
10256 1
10257 0
10258 3
10259 0
10260 5
10261 1
10262 0
10263 0
10264 0
10265 0
10266 2
10267 1
10268 1
10269 1
10270 3
10271 1
10272 2
10273 0
10274 3
10275 0
10276 1
10277 1
10278 1
10279 1
10280 0
10281 0
10282 0
10283 0
10284 1
10285 0
10286 3
10287 1
10288 0
10289 1
10290 1
10291 1
10292 0
10293 0
10294 0
10295 2
10296 1
10297 2
10298 2
10299 1
10300 0
10301 0
10302 1
10303 0
10304 0
10305 0
10306 0
10307 1
10308 1
10309 0
10310 1
10311 1
10312 0
10313 3
10314 2
10315 2
10316 0
10317 0
10318 1
10319 0
10320 3
10321 1
10322 1
10323 0
10324 0
10325 1
10326 0
10327 0
10328 2
10329 1
10330 1
10331 1
10332 0
10333 1
10334 1
10335 0
10336 0
10337 0
10338 0
10339 2
10340 1
10341 0
10342 0
10343 0
10344 0
10345 1
10346 2
10347 0
10348 1
10349 2
10350 1
10351 2
10352 1
10353 0
10354 3
10355 0
10356 3
10357 2
10358 0
10359 2
10360 0
10361 1
10362 0
10363 0
10364 2
10365 0
10366 2
10367 0
10368 0
10369 0
10370 0
10371 0
10372 3
10373 0
10374 2
10375 2
10376 0
10377 0
10378 0
10379 0
10380 1
10381 1
10382 2
10383 1
10384 2
10385 0
10386 0
10387 1
10388 0
10389 1
10390 0
10391 0
10392 0
10393 2
10394 0
10395 1
10396 0
10397 2
10398 0
10399 1
10400 1
10401 0
10402 1
10403 2
10404 1
10405 2
10406 1
10407 0
10408 1
10409 0
10410 2
10411 0
10412 1
10413 2
10414 0
10415 1
10416 0
10417 0
10418 1
10419 2
10420 0
10421 1
10422 0
10423 1
10424 1
10425 0
10426 0
10427 0
10428 2
10429 1
10430 0
10431 1
10432 0
10433 0
10434 1
10435 0
10436 4
10437 0
10438 1
10439 0
10440 0
10441 0
10442 1
10443 1
10444 2
10445 0
10446 0
10447 3
10448 0
10449 0
10450 1
10451 1
10452 0
10453 0
10454 1
10455 3
10456 1
10457 1
10458 2
10459 0
10460 0
10461 0
10462 0
10463 0
10464 1
10465 0
10466 1
10467 2
10468 2
10469 0
10470 2
10471 0
10472 2
10473 1
10474 1
10475 1
10476 0
10477 1
10478 0
10479 0
10480 1
10481 1
10482 0
10483 3
10484 1
10485 0
10486 0
10487 1
10488 0
10489 0
10490 0
10491 3
10492 0
10493 3
10494 0
10495 0
10496 1
10497 0
10498 0
10499 0
10500 1
10501 0
10502 0
10503 0
10504 0
10505 2
10506 2
10507 0
10508 1
10509 1
10510 0
10511 1
10512 0
10513 1
10514 0
10515 1
10516 2
10517 0
10518 0
10519 0
10520 1
10521 0
10522 1
10523 0
10524 0
10525 0
10526 0
10527 1
10528 0
10529 0
10530 0
10531 1
10532 0
10533 0
10534 0
10535 0
10536 0
10537 1
10538 0
10539 1
10540 2
10541 1
10542 0
10543 1
10544 1
10545 1
10546 2
10547 0
10548 0
10549 0
10550 2
10551 0
10552 1
10553 1
10554 2
10555 0
10556 1
10557 0
10558 1
10559 2
10560 1
10561 1
10562 0
10563 1
10564 3
10565 0
10566 1
10567 0
10568 0
10569 3
10570 1
10571 1
10572 1
10573 3
10574 1
10575 0
10576 2
10577 1
10578 4
10579 3
10580 2
10581 0
10582 0
10583 2
10584 0
10585 2
10586 0
10587 0
10588 3
10589 1
10590 0
10591 2
10592 0
10593 0
10594 2
10595 1
10596 1
10597 0
10598 2
10599 0
10600 2
10601 2
10602 0
10603 1
10604 1
10605 1
10606 0
10607 0
10608 2
10609 1
10610 2
10611 0
10612 2
10613 1
10614 1
10615 1
10616 2
10617 1
10618 5
10619 0
10620 2
10621 2
10622 3
10623 0
10624 4
10625 3
10626 2
10627 2
10628 0
10629 0
10630 0
10631 2
10632 0
10633 2
10634 1
10635 2
10636 0
10637 0
10638 2
10639 0
10640 1
10641 0
10642 2
10643 0
10644 0
10645 1
10646 2
10647 1
10648 0
10649 2
10650 0
10651 0
10652 2
10653 1
10654 0
10655 1
10656 0
10657 0
10658 0
10659 0
10660 1
10661 2
10662 1
10663 0
10664 2
10665 1
10666 1
10667 1
10668 3
10669 1
10670 2
10671 0
10672 2
10673 0
10674 0
10675 0
10676 2
10677 1
10678 0
10679 0
10680 0
10681 0
10682 1
10683 3
10684 1
10685 0
10686 0
10687 1
10688 1
10689 0
10690 1
10691 2
10692 1
10693 0
10694 1
10695 1
10696 0
10697 1
10698 1
10699 1
10700 1
10701 0
10702 1
10703 1
10704 1
10705 1
10706 0
10707 0
10708 2
10709 1
10710 0
10711 1
10712 1
10713 0
10714 1
10715 0
10716 1
10717 3
10718 1
10719 1
10720 2
10721 0
10722 1
10723 2
10724 1
10725 1
10726 0
10727 1
10728 1
10729 1
10730 0
10731 3
10732 1
10733 2
10734 2
10735 0
10736 0
10737 1
10738 0
10739 0
10740 0
10741 0
10742 1
10743 0
10744 1
10745 1
10746 0
10747 1
10748 2
10749 0
10750 1
10751 2
10752 1
10753 1
10754 1
10755 1
10756 0
10757 0
10758 4
10759 2
10760 1
10761 0
10762 0
10763 2
10764 2
10765 1
10766 0
10767 0
10768 0
10769 2
10770 2
10771 0
10772 0
10773 0
10774 1
10775 5
10776 1
10777 0
10778 1
10779 0
10780 2
10781 0
10782 0
10783 2
10784 0
10785 2
10786 2
10787 0
10788 0
10789 0
10790 1
10791 0
10792 2
10793 1
10794 2
10795 1
10796 0
10797 0
10798 0
10799 1
10800 1
10801 1
10802 1
10803 2
10804 3
10805 3
10806 0
10807 1
10808 0
10809 0
10810 1
10811 0
10812 0
10813 1
10814 1
10815 1
10816 2
10817 1
10818 0
10819 0
10820 0
10821 1
10822 1
10823 0
10824 3
10825 1
10826 0
10827 1
10828 2
10829 0
10830 1
10831 1
10832 1
10833 1
10834 1
10835 0
10836 1
10837 0
10838 0
10839 0
10840 0
10841 0
10842 2
10843 2
10844 2
10845 0
10846 0
10847 1
10848 1
10849 1
10850 4
10851 0
10852 1
10853 0
10854 2
10855 1
10856 0
10857 1
10858 0
10859 1
10860 0
10861 0
10862 3
10863 3
10864 1
10865 2
10866 1
10867 0
10868 0
10869 0
10870 0
10871 1
10872 3
10873 0
10874 0
10875 1
10876 1
10877 2
10878 0
10879 2
10880 0
10881 0
10882 2
10883 1
10884 0
10885 1
10886 0
10887 0
10888 2
10889 1
10890 2
10891 0
10892 2
10893 0
10894 0
10895 1
10896 2
10897 1
10898 1
10899 2
10900 0
10901 0
10902 0
10903 1
10904 3
10905 0
10906 0
10907 4
10908 1
10909 0
10910 1
10911 2
10912 1
10913 2
10914 2
10915 0
10916 0
10917 3
10918 0
10919 1
10920 1
10921 1
10922 2
10923 1
10924 0
10925 0
10926 0
10927 1
10928 1
10929 2
10930 0
10931 1
10932 0
10933 0
10934 1
10935 1
10936 1
10937 1
10938 5
10939 0
10940 0
10941 0
10942 2
10943 0
10944 1
10945 1
10946 1
10947 1
10948 2
10949 1
10950 1
10951 1
10952 0
10953 0
10954 0
10955 0
10956 0
10957 0
10958 0
10959 1
10960 0
10961 0
10962 0
10963 0
10964 2
10965 0
10966 0
10967 0
10968 0
10969 1
10970 1
10971 0
10972 0
10973 1
10974 1
10975 0
10976 1
10977 2
10978 1
10979 1
10980 1
10981 0
10982 1
10983 1
10984 2
10985 0
10986 0
10987 0
10988 2
10989 3
10990 1
10991 0
10992 1
10993 0
10994 0
10995 1
10996 0
10997 1
10998 1
10999 2
11000 1
11001 0
11002 0
11003 0
11004 2
11005 0
11006 0
11007 0
11008 0
11009 0
11010 0
11011 0
11012 0
11013 2
11014 0
11015 1
11016 0
11017 0
11018 1
11019 2
11020 5
11021 1
11022 3
11023 0
11024 1
11025 0
11026 0
11027 2
11028 1
11029 3
11030 0
11031 0
11032 0
11033 0
11034 2
11035 1
11036 0
11037 0
11038 1
11039 0
11040 0
11041 1
11042 0
11043 0
11044 1
11045 1
11046 0
11047 0
11048 0
11049 1
11050 0
11051 0
11052 0
11053 1
11054 2
11055 1
11056 0
11057 0
11058 0
11059 0
11060 0
11061 1
11062 1
11063 0
11064 1
11065 0
11066 1
11067 0
11068 1
11069 0
11070 2
11071 0
11072 0
11073 0
11074 1
11075 0
11076 0
11077 1
11078 2
11079 0
11080 1
11081 1
11082 0
11083 1
11084 2
11085 0
11086 2
11087 2
11088 2
11089 0
11090 0
11091 3
11092 0
11093 2
11094 1
11095 2
11096 1
11097 0
11098 3
11099 0
11100 0
11101 1
11102 1
11103 0
11104 1
11105 0
11106 2
11107 2
11108 5
11109 2
11110 1
11111 3
11112 0
11113 2
11114 1
11115 3
11116 0
11117 1
11118 0
11119 0
11120 2
11121 0
11122 3
11123 0
11124 0
11125 1
11126 0
11127 0
11128 0
11129 1
11130 0
11131 1
11132 1
11133 1
11134 0
11135 1
11136 0
11137 0
11138 0
11139 1
11140 1
11141 2
11142 1
11143 2
11144 0
11145 1
11146 2
11147 2
11148 0
11149 1
11150 0
11151 0
11152 1
11153 1
11154 0
11155 0
11156 0
11157 2
11158 2
11159 1
11160 1
11161 0
11162 2
11163 0
11164 2
11165 0
11166 1
11167 2
11168 0
11169 3
11170 1
11171 0
11172 0
11173 1
11174 3
11175 1
11176 0
11177 0
11178 0
11179 0
11180 0
11181 1
11182 3
11183 0
11184 0
11185 2
11186 0
11187 2
11188 1
11189 1
11190 0
11191 1
11192 2
11193 0
11194 0
11195 0
11196 0
11197 2
11198 1
11199 0
11200 0
11201 0
11202 2
11203 0
11204 1
11205 0
11206 0
11207 1
11208 2
11209 0
11210 0
11211 0
11212 1
11213 1
11214 0
11215 1
11216 0
11217 1
11218 1
11219 2
11220 2
11221 1
11222 1
11223 2
11224 2
11225 2
11226 2
11227 2
11228 0
11229 2
11230 1
11231 1
11232 1
11233 1
11234 1
11235 0
11236 1
11237 2
11238 0
11239 0
11240 1
11241 0
11242 0
11243 2
11244 0
11245 0
11246 1
11247 1
11248 3
11249 1
11250 0
11251 1
11252 1
11253 3
11254 1
11255 1
11256 1
11257 1
11258 0
11259 0
11260 1
11261 0
11262 1
11263 1
11264 2
11265 1
11266 1
11267 1
11268 2
11269 0
11270 1
11271 1
11272 0
11273 3
11274 0
11275 0
11276 2
11277 1
11278 1
11279 2
11280 0
11281 1
11282 3
11283 2
11284 4
11285 0
11286 0
11287 0
11288 1
11289 0
11290 0
11291 1
11292 1
11293 2
11294 1
11295 1
11296 0
11297 1
11298 2
11299 2
11300 0
11301 0
11302 0
11303 0
11304 0
11305 1
11306 2
11307 2
11308 1
11309 1
11310 2
11311 0
11312 3
11313 1
11314 0
11315 1
11316 1
11317 1
11318 1
11319 1
11320 1
11321 2
11322 1
11323 0
11324 1
11325 1
11326 0
11327 1
11328 0
11329 0
11330 2
11331 0
11332 1
11333 1
11334 1
11335 0
11336 0
11337 1
11338 1
11339 0
11340 1
11341 0
11342 1
11343 0
11344 0
11345 1
11346 2
11347 0
11348 2
11349 1
11350 0
11351 1
11352 0
11353 2
11354 0
11355 1
11356 0
11357 0
11358 0
11359 2
11360 0
11361 1
11362 0
11363 2
11364 3
11365 0
11366 0
11367 2
11368 1
11369 1
11370 0
11371 0
11372 0
11373 0
11374 0
11375 2
11376 0
11377 0
11378 0
11379 1
11380 1
11381 0
11382 0
11383 0
11384 1
11385 1
11386 2
11387 0
11388 0
11389 1
11390 2
11391 0
11392 3
11393 1
11394 0
11395 0
11396 0
11397 0
11398 1
11399 0
11400 2
11401 2
11402 0
11403 1
11404 1
11405 3
11406 2
11407 2
11408 1
11409 1
11410 0
11411 0
11412 0
11413 1
11414 0
11415 0
11416 2
11417 2
11418 0
11419 2
11420 0
11421 0
11422 0
11423 1
11424 0
11425 2
11426 1
11427 0
11428 0
11429 0
11430 1
11431 0
11432 1
11433 0
11434 1
11435 0
11436 0
11437 1
11438 0
11439 0
11440 3
11441 0
11442 1
11443 2
11444 1
11445 1
11446 0
11447 1
11448 1
11449 0
11450 1
11451 3
11452 1
11453 0
11454 1
11455 1
11456 0
11457 1
11458 0
11459 0
11460 1
11461 1
11462 2
11463 2
11464 0
11465 3
11466 2
11467 0
11468 1
11469 1
11470 0
11471 2
11472 1
11473 1
11474 2
11475 0
11476 1
11477 0
11478 0
11479 2
11480 1
11481 1
11482 1
11483 1
11484 0
11485 1
11486 1
11487 3
11488 0
11489 1
11490 0
11491 0
11492 0
11493 0
11494 0
11495 0
11496 0
11497 1
11498 0
11499 0
11500 0
11501 1
11502 1
11503 1
11504 2
11505 0
11506 0
11507 1
11508 2
11509 2
11510 2
11511 0
11512 1
11513 2
11514 1
11515 1
11516 0
11517 1
11518 4
11519 0
11520 1
11521 1
11522 0
11523 2
11524 3
11525 1
11526 1
11527 0
11528 4
11529 1
11530 0
11531 1
11532 0
11533 1
11534 0
11535 0
11536 0
11537 1
11538 3
11539 3
11540 2
11541 1
11542 1
11543 0
11544 1
11545 1
11546 1
11547 0
11548 0
11549 0
11550 2
11551 2
11552 0
11553 0
11554 1
11555 1
11556 3
11557 1
11558 0
11559 0
11560 0
11561 1
11562 2
11563 0
11564 1
11565 0
11566 0
11567 0
11568 1
11569 2
11570 1
11571 2
11572 0
11573 0
11574 0
11575 0
11576 0
11577 0
11578 0
11579 0
11580 0
11581 1
11582 0
11583 0
11584 2
11585 1
11586 2
11587 0
11588 3
11589 0
11590 1
11591 0
11592 0
11593 0
11594 1
11595 2
11596 2
11597 1
11598 1
11599 0
11600 1
11601 0
11602 0
11603 0
11604 1
11605 0
11606 1
11607 0
11608 2
11609 2
11610 1
11611 1
11612 0
11613 1
11614 2
11615 0
11616 2
11617 0
11618 0
11619 0
11620 0
11621 1
11622 0
11623 1
11624 1
11625 0
11626 3
11627 0
11628 1
11629 0
11630 1
11631 1
11632 0
11633 1
11634 2
11635 3
11636 0
11637 0
11638 1
11639 1
11640 0
11641 0
11642 1
11643 0
11644 0
11645 0
11646 1
11647 0
11648 1
11649 0
11650 0
11651 0
11652 0
11653 0
11654 1
11655 2
11656 2
11657 1
11658 0
11659 0
11660 2
11661 1
11662 0
11663 1
11664 0
11665 0
11666 0
11667 1
11668 0
11669 0
11670 0
11671 2
11672 3
11673 1
11674 1
11675 0
11676 2
11677 0
11678 0
11679 0
11680 1
11681 2
11682 1
11683 1
11684 2
11685 2
11686 2
11687 0
11688 3
11689 1
11690 3
11691 1
11692 3
11693 1
11694 0
11695 1
11696 1
11697 0
11698 2
11699 0
11700 0
11701 2
11702 2
11703 2
11704 0
11705 0
11706 1
11707 2
11708 2
11709 0
11710 0
11711 0
11712 0
11713 2
11714 1
11715 1
11716 0
11717 0
11718 2
11719 1
11720 1
11721 0
11722 3
11723 0
11724 0
11725 0
11726 1
11727 0
11728 1
11729 0
11730 4
11731 0
11732 0
11733 2
11734 1
11735 1
11736 2
11737 1
11738 0
11739 0
11740 0
11741 0
11742 2
11743 2
11744 0
11745 1
11746 2
11747 1
11748 0
11749 0
11750 1
11751 1
11752 2
11753 0
11754 1
11755 0
11756 0
11757 3
11758 0
11759 1
11760 0
11761 2
11762 1
11763 0
11764 1
11765 1
11766 1
11767 2
11768 0
11769 2
11770 2
11771 2
11772 1
11773 0
11774 2
11775 0
11776 1
11777 2
11778 0
11779 0
11780 2
11781 1
11782 1
11783 1
11784 1
11785 0
11786 0
11787 0
11788 2
11789 3
11790 0
11791 1
11792 1
11793 1
11794 3
11795 0
11796 0
11797 0
11798 0
11799 1
11800 1
11801 0
11802 1
11803 0
11804 0
11805 0
11806 0
11807 1
11808 1
11809 0
11810 2
11811 3
11812 0
11813 1
11814 0
11815 1
11816 1
11817 0
11818 1
11819 2
11820 0
11821 1
11822 0
11823 2
11824 2
11825 3
11826 0
11827 0
11828 1
11829 1
11830 0
11831 1
11832 0
11833 1
11834 2
11835 1
11836 2
11837 5
11838 0
11839 1
11840 0
11841 1
11842 0
11843 1
11844 1
11845 0
11846 1
11847 2
11848 2
11849 0
11850 2
11851 0
11852 2
11853 2
11854 2
11855 0
11856 0
11857 1
11858 1
11859 1
11860 2
11861 1
11862 0
11863 0
11864 1
11865 0
11866 2
11867 1
11868 2
11869 1
11870 1
11871 0
11872 1
11873 2
11874 3
11875 0
11876 1
11877 0
11878 0
11879 2
11880 0
11881 1
11882 1
11883 2
11884 3
11885 0
11886 1
11887 0
11888 0
11889 0
11890 1
11891 1
11892 0
11893 3
11894 0
11895 0
11896 3
11897 1
11898 1
11899 1
11900 1
11901 2
11902 0
11903 2
11904 2
11905 1
11906 2
11907 1
11908 2
11909 0
11910 2
11911 1
11912 0
11913 1
11914 1
11915 1
11916 1
11917 1
11918 2
11919 0
11920 0
11921 1
11922 1
11923 0
11924 1
11925 1
11926 0
11927 2
11928 1
11929 2
11930 0
11931 1
11932 0
11933 1
11934 0
11935 0
11936 0
11937 3
11938 1
11939 1
11940 0
11941 1
11942 1
11943 0
11944 2
11945 0
11946 1
11947 0
11948 0
11949 0
11950 0
11951 1
11952 1
11953 2
11954 1
11955 1
11956 1
11957 0
11958 0
11959 2
11960 1
11961 3
11962 0
11963 0
11964 1
11965 0
11966 1
11967 2
11968 0
11969 2
11970 0
11971 1
11972 0
11973 0
11974 3
11975 1
11976 0
11977 2
11978 1
11979 0
11980 0
11981 0
11982 0
11983 0
11984 0
11985 1
11986 3
11987 2
11988 0
11989 2
11990 0
11991 3
11992 1
11993 0
11994 0
11995 0
11996 0
11997 1
11998 0
11999 0
12000 1
12001 1
12002 1
12003 1
12004 0
12005 1
12006 1
12007 1
12008 2
12009 0
12010 1
12011 0
12012 1
12013 1
12014 1
12015 1
12016 0
12017 1
12018 1
12019 2
12020 2
12021 0
12022 1
12023 0
12024 0
12025 0
12026 0
12027 0
12028 0
12029 1
12030 0
12031 0
12032 0
12033 0
12034 0
12035 0
12036 0
12037 0
12038 0
12039 0
12040 1
12041 0
12042 0
12043 1
12044 1
12045 0
12046 0
12047 2
12048 2
12049 1
12050 0
12051 1
12052 0
12053 1
12054 0
12055 0
12056 2
12057 1
12058 2
12059 1
12060 0
12061 2
12062 0
12063 1
12064 0
12065 0
12066 1
12067 1
12068 2
12069 0
12070 1
12071 0
12072 1
12073 2
12074 1
12075 2
12076 1
12077 3
12078 0
12079 1
12080 1
12081 1
12082 2
12083 2
12084 2
12085 2
12086 1
12087 0
12088 1
12089 0
12090 0
12091 1
12092 2
12093 0
12094 1
12095 0
12096 0
12097 1
12098 1
12099 1
12100 0
12101 0
12102 0
12103 1
12104 2
12105 0
12106 2
12107 3
12108 1
12109 0
12110 2
12111 1
12112 0
12113 1
12114 1
12115 1
12116 0
12117 2
12118 2
12119 1
12120 0
12121 0
12122 2
12123 1
12124 0
12125 2
12126 3
12127 1
12128 0
12129 2
12130 0
12131 1
12132 0
12133 0
12134 0
12135 0
12136 4
12137 2
12138 0
12139 0
12140 0
12141 1
12142 0
12143 0
12144 3
12145 2
12146 1
12147 0
12148 1
12149 0
12150 0
12151 0
12152 0
12153 1
12154 1
12155 1
12156 1
12157 0
12158 1
12159 1
12160 0
12161 0
12162 1
12163 0
12164 1
12165 1
12166 1
12167 2
12168 0
12169 1
12170 0
12171 1
12172 0
12173 0
12174 1
12175 0
12176 2
12177 0
12178 0
12179 3
12180 0
12181 0
12182 1
12183 0
12184 1
12185 0
12186 1
12187 1
12188 0
12189 3
12190 1
12191 0
12192 1
12193 0
12194 1
12195 0
12196 0
12197 1
12198 0
12199 1
12200 0
12201 1
12202 2
12203 0
12204 0
12205 3
12206 1
12207 0
12208 2
12209 1
12210 1
12211 1
12212 1
12213 3
12214 2
12215 1
12216 1
12217 1
12218 1
12219 0
12220 1
12221 1
12222 0
12223 3
12224 1
12225 0
12226 0
12227 1
12228 0
12229 2
12230 1
12231 1
12232 2
12233 2
12234 0
12235 2
12236 1
12237 2
12238 1
12239 1
12240 0
12241 2
12242 0
12243 5
12244 0
12245 0
12246 0
12247 2
12248 0
12249 1
12250 0
12251 0
12252 2
12253 0
12254 2
12255 1
12256 1
12257 3
12258 0
12259 1
12260 2
12261 0
12262 2
12263 0
12264 0
12265 2
12266 0
12267 0
12268 1
12269 0
12270 1
12271 1
12272 0
12273 1
12274 0
12275 2
12276 1
12277 3
12278 0
12279 1
12280 0
12281 0
12282 0
12283 0
12284 0
12285 1
12286 1
12287 1
12288 1
12289 0
12290 1
12291 0
12292 1
12293 2
12294 1
12295 0
12296 2
12297 1
12298 0
12299 1
12300 0
12301 0
12302 1
12303 0
12304 1
12305 1
12306 1
12307 0
12308 2
12309 0
12310 0
12311 0
12312 0
12313 0
12314 3
12315 2
12316 0
12317 1
12318 0
12319 1
12320 1
12321 0
12322 1
12323 0
12324 0
12325 2
12326 4
12327 3
12328 1
12329 0
12330 0
12331 1
12332 2
12333 1
12334 0
12335 0
12336 2
12337 1
12338 0
12339 0
12340 0
12341 0
12342 2
12343 1
12344 1
12345 1
12346 0
12347 0
12348 0
12349 2
12350 4
12351 1
12352 2
12353 1
12354 0
12355 1
12356 3
12357 1
12358 1
12359 0
12360 2
12361 0
12362 0
12363 1
12364 2
12365 1
12366 0
12367 0
12368 0
12369 1
12370 0
12371 1
12372 0
12373 3
12374 0
12375 1
12376 0
12377 1
12378 2
12379 0
12380 1
12381 1
12382 0
12383 2
12384 0
12385 2
12386 2
12387 0
12388 0
12389 0
12390 0
12391 2
12392 1
12393 0
12394 0
12395 0
12396 0
12397 1
12398 1
12399 0
12400 0
12401 2
12402 2
12403 0
12404 1
12405 2
12406 1
12407 1
12408 2
12409 2
12410 1
12411 0
12412 0
12413 1
12414 1
12415 2
12416 0
12417 0
12418 1
12419 1
12420 1
12421 0
12422 0
12423 0
12424 0
12425 0
12426 0
12427 0
12428 0
12429 0
12430 0
12431 0
12432 2
12433 2
12434 1
12435 2
12436 3
12437 1
12438 0
12439 1
12440 0
12441 0
12442 1
12443 0
12444 0
12445 1
12446 1
12447 2
12448 1
12449 1
12450 0
12451 1
12452 1
12453 0
12454 2
12455 0
12456 0
12457 1
12458 0
12459 0
12460 1
12461 1
12462 0
12463 2
12464 0
12465 0
12466 1
12467 1
12468 1
12469 2
12470 1
12471 0
12472 0
12473 1
12474 0
12475 1
12476 0
12477 0
12478 1
12479 3
12480 0
12481 0
12482 1
12483 3
12484 0
12485 2
12486 0
12487 0
12488 0
12489 1
12490 0
12491 2
12492 1
12493 0
12494 1
12495 1
12496 1
12497 1
12498 2
12499 1
12500 1
12501 4
12502 0
12503 0
12504 1
12505 2
12506 2
12507 2
12508 1
12509 1
12510 1
12511 0
12512 1
12513 4
12514 1
12515 1
12516 1
12517 1
12518 0
12519 0
12520 0
12521 0
12522 2
12523 1
12524 1
12525 1
12526 0
12527 1
12528 0
12529 0
12530 3
12531 2
12532 0
12533 1
12534 3
12535 1
12536 2
12537 2
12538 3
12539 1
12540 1
12541 0
12542 0
12543 0
12544 0
12545 1
12546 0
12547 0
12548 1
12549 1
12550 1
12551 1
12552 0
12553 0
12554 0
12555 0
12556 0
12557 0
12558 0
12559 0
12560 1
12561 0
12562 1
12563 0
12564 1
12565 1
12566 0
12567 1
12568 1
12569 3
12570 0
12571 2
12572 1
12573 1
12574 2
12575 1
12576 1
12577 0
12578 0
12579 1
12580 1
12581 1
12582 0
12583 0
12584 1
12585 0
12586 1
12587 0
12588 0
12589 2
12590 1
12591 0
12592 1
12593 2
12594 2
12595 3
12596 1
12597 3
12598 1
12599 1
12600 2
12601 0
12602 1
12603 0
12604 2
12605 1
12606 0
12607 1
12608 1
12609 0
12610 1
12611 1
12612 2
12613 0
12614 0
12615 0
12616 0
12617 0
12618 1
12619 0
12620 0
12621 1
12622 2
12623 1
12624 0
12625 1
12626 0
12627 0
12628 1
12629 0
12630 0
12631 3
12632 1
12633 1
12634 0
12635 1
12636 2
12637 1
12638 1
12639 0
12640 0
12641 1
12642 0
12643 1
12644 2
12645 0
12646 4
12647 1
12648 0
12649 1
12650 1
12651 0
12652 1
12653 0
12654 1
12655 0
12656 1
12657 0
12658 2
12659 1
12660 2
12661 0
12662 2
12663 1
12664 1
12665 2
12666 0
12667 0
12668 1
12669 0
12670 1
12671 2
12672 3
12673 1
12674 0
12675 0
12676 0
12677 0
12678 0
12679 0
12680 1
12681 0
12682 2
12683 0
12684 0
12685 1
12686 0
12687 1
12688 1
12689 1
12690 1
12691 1
12692 1
12693 2
12694 1
12695 1
12696 3
12697 0
12698 2
12699 1
12700 0
12701 2
12702 0
12703 0
12704 1
12705 1
12706 1
12707 0
12708 1
12709 1
12710 1
12711 1
12712 1
12713 0
12714 0
12715 0
12716 0
12717 3
12718 0
12719 2
12720 1
12721 0
12722 1
12723 1
12724 1
12725 3
12726 1
12727 0
12728 0
12729 2
12730 1
12731 0
12732 0
12733 1
12734 1
12735 1
12736 0
12737 0
12738 1
12739 0
12740 0
12741 1
12742 1
12743 3
12744 2
12745 2
12746 1
12747 1
12748 1
12749 0
12750 0
12751 2
12752 0
12753 0
12754 1
12755 1
12756 0
12757 1
12758 0
12759 1
12760 1
12761 1
12762 3
12763 2
12764 1
12765 2
12766 0
12767 0
12768 1
12769 2
12770 0
12771 0
12772 1
12773 0
12774 0
12775 3
12776 0
12777 0
12778 0
12779 1
12780 2
12781 2
12782 1
12783 0
12784 0
12785 0
12786 0
12787 0
12788 0
12789 2
12790 1
12791 0
12792 0
12793 0
12794 1
12795 2
12796 0
12797 1
12798 1
12799 1
12800 1
12801 3
12802 0
12803 3
12804 1
12805 1
12806 2
12807 0
12808 1
12809 1
12810 0
12811 0
12812 0
12813 0
12814 1
12815 0
12816 0
12817 3
12818 0
12819 0
12820 1
12821 0
12822 1
12823 0
12824 0
12825 1
12826 1
12827 2
12828 0
12829 1
12830 1
12831 1
12832 1
12833 0
12834 1
12835 0
12836 1
12837 0
12838 1
12839 0
12840 0
12841 1
12842 4
12843 1
12844 2
12845 1
12846 1
12847 2
12848 1
12849 0
12850 1
12851 2
12852 1
12853 0
12854 0
12855 0
12856 0
12857 0
12858 1
12859 2
12860 1
12861 1
12862 0
12863 0
12864 2
12865 1
12866 0
12867 0
12868 1
12869 0
12870 0
12871 1
12872 0
12873 0
12874 0
12875 0
12876 0
12877 1
12878 1
12879 1
12880 1
12881 1
12882 1
12883 1
12884 3
12885 0
12886 1
12887 1
12888 1
12889 1
12890 1
12891 0
12892 0
12893 1
12894 1
12895 2
12896 0
12897 1
12898 0
12899 1
12900 1
12901 0
12902 0
12903 0
12904 0
12905 2
12906 1
12907 0
12908 0
12909 2
12910 1
12911 1
12912 0
12913 0
12914 3
12915 0
12916 3
12917 0
12918 0
12919 1
12920 2
12921 0
12922 1
12923 2
12924 1
12925 1
12926 1
12927 2
12928 1
12929 0
12930 2
12931 0
12932 0
12933 1
12934 1
12935 2
12936 0
12937 1
12938 1
12939 0
12940 1
12941 1
12942 1
12943 1
12944 1
12945 0
12946 1
12947 1
12948 1
12949 0
12950 1
12951 4
12952 2
12953 0
12954 1
12955 1
12956 1
12957 0
12958 2
12959 0
12960 0
12961 0
12962 3
12963 3
12964 0
12965 0
12966 0
12967 0
12968 0
12969 1
12970 0
12971 1
12972 1
12973 2
12974 0
12975 2
12976 1
12977 0
12978 0
12979 0
12980 1
12981 1
12982 1
12983 1
12984 0
12985 0
12986 2
12987 1
12988 1
12989 0
12990 2
12991 1
12992 1
12993 1
12994 0
12995 0
12996 3
12997 0
12998 2
12999 2
