0 12
1 12
2 7
3 9
4 7
5 11
6 10
7 7
8 8
9 8
10 15
11 13
12 7
13 14
14 13
15 9
16 11
17 13
18 6
19 18
20 16
21 8
22 11
23 7
24 12
25 11
26 8
27 12
28 6
29 7
30 10
31 15
32 8
33 10
34 13
35 10
36 8
37 5
38 9
39 4
40 7
41 8
42 6
43 14
44 7
45 10
46 13
47 8
48 17
49 10
50 6
51 6
52 9
53 14
54 15
55 15
56 12
57 13
58 6
59 12
60 8
61 11
62 10
63 7
64 15
65 15
66 12
67 9
68 10
69 10
70 12
71 13
72 7
73 8
74 11
75 13
76 9
77 12
78 12
79 17
80 14
81 14
82 13
83 11
84 15
85 15
86 9
87 5
88 19
89 7
90 8
91 12
92 15
93 9
94 9
95 10
96 8
97 16
98 16
99 17
100 14
101 11
102 8
103 23
104 13
105 8
106 11
107 8
108 18
109 12
110 10
111 16
112 3
113 10
114 10
115 19
116 20
117 11
118 13
119 14
120 11
121 14
122 12
123 10
124 10
125 15
126 16
127 8
128 8
129 10
130 8
131 12
132 9
133 7
134 10
135 12
136 14
137 9
138 10
139 20
140 7
141 13
142 14
143 14
144 11
145 15
146 10
147 11
148 16
149 10
150 5
151 12
152 7
153 11
154 11
155 8
156 6
157 8
158 15
159 9
160 11
161 16
162 13
163 6
164 14
165 11
166 8
167 17
168 11
169 13
170 10
171 8
172 6
173 9
174 10
175 7
176 12
177 12
178 15
179 16
180 7
181 13
182 20
183 12
184 6
185 8
186 3
187 14
188 12
189 14
190 11
191 5
192 18
193 14
194 11
195 8
196 13
197 12
198 7
199 9
200 6
201 7
202 14
203 8
204 11
205 14
206 8
207 12
208 13
209 9
210 7
211 17
212 8
213 12
214 18
215 6
216 7
217 7
218 11
219 11
220 10
221 11
222 12
223 15
224 11
225 9
226 10
227 13
228 13
229 16
230 11
231 18
232 12
233 9
234 5
235 11
236 13
237 9
238 12
239 13
240 9
241 15
242 8
243 15
244 7
245 10
246 17
247 14
248 12
249 11
250 9
251 12
252 16
253 8
254 12
255 8
256 11
257 10
258 15
259 12
260 18
261 10
262 9
263 10
264 13
265 13
266 12
267 13
268 11
269 12
270 14
271 5
272 10
273 9
274 12
275 13
276 12
277 13
278 3
279 18
280 11
281 11
282 9
283 10
284 14
285 16
286 12
287 8
288 13
289 6
290 9
291 11
292 8
293 14
294 12
295 10
296 13
297 15
298 8
299 8
300 11
301 7
302 8
303 9
304 9
305 10
306 11
307 7
308 11
309 8
310 16
311 7
312 16
313 16
314 9
315 8
316 10
317 15
318 8
319 10
320 17
321 14
322 13
323 13
324 10
325 15
326 15
327 12
328 13
329 10
330 9
331 10
332 8
333 15
334 11
335 9
336 16
337 16
338 9
339 6
340 12
341 14
342 11
343 13
344 12
345 13
346 11
347 9
348 11
349 10
350 16
351 16
352 11
353 15
354 9
355 16
356 16
357 12
358 6
359 17
360 9
361 11
362 9
363 18
364 10
365 17
366 21
367 9
368 9
369 15
370 10
371 14
372 9
373 10
374 7
375 13
376 4
377 7
378 14
379 10
380 10
381 14
382 7
383 13
384 12
385 16
386 8
387 6
388 8
389 8
390 10
391 9
392 8
393 12
394 8
395 14
396 10
397 11
398 16
399 7
400 8
401 12
402 10
403 11
404 9
405 14
406 9
407 14
408 6
409 16
410 13
411 9
412 7
413 16
414 9
415 6
416 9
417 15
418 10
419 10
420 9
421 9
422 9
423 9
424 9
425 12
426 4
427 7
428 11
429 15
430 11
431 12
432 15
433 16
434 13
435 17
436 12
437 12
438 10
439 10
440 8
441 11
442 10
443 10
444 14
445 11
446 13
447 11
448 12
449 12
450 16
451 14
452 11
453 9
454 13
455 15
456 9
457 11
458 12
459 7
460 11
461 9
462 11
463 16
464 8
465 11
466 12
467 13
468 20
469 11
470 11
471 10
472 9
473 13
474 12
475 10
476 13
477 10
478 10
479 15
480 18
481 8
482 10
483 17
484 13
485 15
486 7
487 13
488 15
489 10
490 9
491 8
492 6
493 9
494 9
495 10
496 11
497 13
498 14
499 6
500 12
501 14
502 7
503 9
504 14
505 15
506 10
507 11
508 16
509 19
510 13
511 8
512 12
513 16
514 11
515 11
516 13
517 7
518 12
519 9
520 11
521 9
522 11
523 11
524 13
525 12
526 9
527 11
528 9
529 8
530 15
531 10
532 9
533 10
534 10
535 9
536 12
537 11
538 19
539 15
540 11
541 10
542 7
543 4
544 9
545 9
546 9
547 6
548 7
549 10
550 13
551 16
552 14
553 11
554 10
555 8
556 16
557 9
558 4
559 9
560 10
561 8
562 13
563 11
564 11
565 4
566 5
567 14
568 11
569 19
570 10
571 19
572 11
573 10
574 11
575 12
576 11
577 9
578 12
579 14
580 9
581 11
582 8
583 8
584 8
585 15
586 9
587 10
588 13
589 7
590 9
591 11
592 11
593 10
594 10
595 16
596 15
597 12
598 16
599 12
600 12
601 13
602 8
603 6
604 13
605 15
606 14
607 7
608 14
609 17
610 11
611 8
612 14
613 7
614 13
615 5
616 10
617 7
618 13
619 5
620 9
621 9
622 16
623 11
624 16
625 13
626 11
627 9
628 10
629 12
630 4
631 14
632 10
633 11
634 7
635 19
636 6
637 11
638 10
639 10
640 12
641 13
642 10
643 8
644 11
645 10
646 15
647 10
648 6
649 11
650 11
651 6
652 12
653 13
654 12
655 13
656 11
657 9
658 7
659 11
660 13
661 7
662 11
663 16
664 11
665 12
666 12
667 12
668 10
669 10
670 12
671 16
672 13
673 10
674 12
675 6
676 17
677 13
678 7
679 9
680 8
681 10
682 15
683 9
684 14
685 16
686 8
687 9
688 11
689 14
690 9
691 13
692 9
693 12
694 8
695 13
696 14
697 9
698 15
699 11
700 10
701 10
702 11
703 22
704 11
705 7
706 8
707 10
708 9
709 12
710 8
711 9
712 5
713 9
714 11
715 8
716 7
717 13
718 10
719 17
720 12
721 10
722 15
723 10
724 7
725 14
726 13
727 16
728 9
729 13
730 11
731 5
732 8
733 13
734 8
735 8
736 10
737 15
738 9
739 11
740 6
741 8
742 13
743 11
744 13
745 18
746 9
747 14
748 8
749 4
750 6
751 11
752 12
753 12
754 14
755 14
756 12
757 12
758 10
759 15
760 11
761 5
762 20
763 12
764 10
765 8
766 6
767 13
768 11
769 16
770 13
771 7
772 15
773 12
774 14
775 17
776 6
777 10
778 12
779 11
780 13
781 9
782 11
783 11
784 10
785 10
786 8
787 5
788 8
789 7
790 14
791 9
792 13
793 15
794 11
795 9
796 15
797 11
798 10
799 15
800 12
801 14
802 9
803 9
804 12
805 10
806 14
807 8
808 12
809 9
810 11
811 11
812 10
813 9
814 17
815 9
816 10
817 13
818 8
819 14
820 10
821 8
822 8
823 12
824 12
825 11
826 10
827 13
828 14
829 17
830 9
831 9
832 7
833 14
834 9
835 10
836 11
837 11
838 5
839 7
840 9
841 10
842 10
843 12
844 17
845 10
846 8
847 11
848 11
849 14
850 16
851 6
852 10
853 7
854 18
855 8
856 11
857 5
858 14
859 18
860 15
861 6
862 8
863 10
864 12
865 7
866 10
867 7
868 12
869 7
870 9
871 8
872 6
873 13
874 12
875 7
876 11
877 10
878 11
879 18
880 9
881 8
882 19
883 13
884 15
885 6
886 10
887 10
888 14
889 15
890 14
891 11
892 11
893 13
894 9
895 12
896 14
897 15
898 10
899 11
900 14
901 10
902 6
903 10
904 16
905 9
906 11
907 13
908 10
909 15
910 14
911 12
912 6
913 12
914 12
915 10
916 8
917 12
918 9
919 13
920 17
921 9
922 8
923 8
924 9
925 16
926 9
927 11
928 9
929 7
930 13
931 9
932 10
933 4
934 11
935 9
936 7
937 8
938 18
939 8
940 14
941 8
942 11
943 13
944 12
945 8
946 18
947 11
948 7
949 8
950 7
951 13
952 12
953 13
954 5
955 5
956 10
957 12
958 13
959 10
960 10
961 6
962 10
963 14
964 10
965 10
966 7
967 8
968 9
969 13
970 11
971 10
972 10
973 15
974 15
975 18
976 11
977 16
978 10
979 7
980 10
981 10
982 11
983 8
984 10
985 8
986 13
987 8
988 15
989 11
990 15
991 14
992 7
993 9
994 13
995 11
996 12
997 10
998 9
999 16
